  7.795717637843166E+07   3.485000000000000E+02   9.334077351297235E+00
  7.795718137843166E+07   3.408000000000000E+02   8.255906976220118E+00
  7.795718637843166E+07   3.388000000000000E+02   8.231646250902671E+00
  7.795719137843166E+07   3.404000000000000E+02   8.251060537894507E+00
  7.795719637843166E+07   3.494000000000000E+02   8.359425817602546E+00
  7.795720137843166E+07   3.550000000000000E+02   8.426149773176359E+00
  7.795720637843166E+07   3.484000000000000E+02   8.347454701883683E+00
  7.795721137843166E+07   3.776000000000000E+02   8.690224392960172E+00
  7.795721637843166E+07   4.154000000000000E+02   9.114823092084674E+00
  7.795722137843166E+07   4.258000000000000E+02   9.228217596047461E+00
  7.795722637843166E+07   4.098000000000000E+02   9.053176238205021E+00
  7.795723137843166E+07   4.340000000000000E+02   9.316651759081692E+00
  7.795723637843166E+07   5.218000000000000E+02   1.021567423129771E+01
  7.795724137843166E+07   5.824000000000000E+02   1.079259005058563E+01
  7.795724637843166E+07   4.900000000000000E+02   9.899494936611665E+00
  7.795725137843166E+07   4.530000000000000E+02   9.518403227432636E+00
  7.795725637843166E+07   4.356000000000000E+02   9.333809511662427E+00
  7.795726137843166E+07   4.698000000000000E+02   9.693296652842108E+00
  7.795726637843166E+07   4.878000000000000E+02   9.877246579892596E+00
  7.795727137843166E+07   4.936000000000000E+02   9.935793878699377E+00
  7.795727637843166E+07   5.140000000000000E+02   1.013903348450926E+01
  7.795728137843166E+07   5.032000000000000E+02   1.003194896318756E+01
  7.795728637843166E+07   4.992000000000000E+02   9.991996797437437E+00
  7.795729137843166E+07   4.882000000000000E+02   9.881295461628500E+00
  7.795729637843166E+07   5.186000000000000E+02   1.018430164517921E+01
  7.795730137843166E+07   5.470000000000000E+02   1.045944549199431E+01
  7.795730637843166E+07   6.060000000000000E+02   1.100908715561831E+01
  7.795731137843166E+07   5.286000000000000E+02   1.028202314722156E+01
  7.795731637843166E+07   5.540000000000000E+02   1.052615789355261E+01
  7.795732137843166E+07   5.924000000000000E+02   1.088485185935022E+01
  7.795732637843166E+07   4.768000000000000E+02   9.765244492586962E+00
  7.795733137843166E+07   4.828000000000000E+02   9.826494797230598E+00
  7.795733637843166E+07   5.224000000000000E+02   1.022154587134451E+01
  7.795734137843166E+07   6.066000000000000E+02   1.101453585041149E+01
  7.795734637843166E+07   5.224000000000000E+02   1.022154587134451E+01
  7.795735137843166E+07   4.742000000000000E+02   9.738583059151882E+00
  7.795735637843166E+07   4.838000000000000E+02   9.836666101886349E+00
  7.795736137843166E+07   4.118000000000000E+02   9.075241043630742E+00
  7.795736637843166E+07   3.678000000000000E+02   8.576712656956627E+00
  7.795737137843166E+07   3.618000000000000E+02   8.506468127254696E+00
  7.795737637843166E+07   3.470000000000000E+02   8.330666239863412E+00
  7.795738137843166E+07   3.500000000000000E+02   8.366600265340756E+00
  7.795738637843166E+07   3.544000000000000E+02   8.419026071939674E+00
  7.795739137843166E+07   3.496000000000000E+02   8.361817984146750E+00
  7.795739637843166E+07   3.496000000000000E+02   8.361817984146750E+00
  7.795740137843166E+07   3.508000000000000E+02   8.376156636548769E+00
  7.795740637843166E+07   3.424000000000000E+02   8.275264346230880E+00
  7.795741137843166E+07   3.610000000000000E+02   8.497058314499201E+00
  7.795741637843166E+07   3.460000000000000E+02   8.318653737234168E+00
  7.795742137843166E+07   3.406000000000000E+02   8.253484112785340E+00
  7.795742637843166E+07   3.450000000000000E+02   8.306623862918075E+00
  7.795743137843166E+07   3.338000000000000E+02   8.170679286326198E+00
  7.795743637843166E+07   3.482000000000000E+02   8.345058418010026E+00
  7.795744137843166E+07   3.484000000000000E+02   8.347454701883683E+00
  7.795744637843166E+07   4.014000000000000E+02   8.959910713840847E+00
  7.795745137843166E+07   4.882000000000000E+02   9.881295461628500E+00
  7.795745637843166E+07   4.580000000000000E+02   9.570788891204320E+00
  7.795746137843166E+07   6.294000000000000E+02   1.121962566220460E+01
  7.795746637843166E+07   6.056000000000000E+02   1.100545319375808E+01
  7.795747137843166E+07   7.164000000000000E+02   1.196996240595600E+01
  7.795747637843166E+07   6.104000000000000E+02   1.104898185354651E+01
  7.795748137843166E+07   5.330000000000000E+02   1.032472759931225E+01
  7.795748637843166E+07   5.988000000000000E+02   1.094349121624356E+01
  7.795749137843166E+07   4.984000000000000E+02   9.983987179478948E+00
  7.795749637843166E+07   4.076000000000000E+02   9.028842672236570E+00
  7.795750137843166E+07   3.932000000000000E+02   8.867919710958144E+00
  7.795750637843166E+07   3.738000000000000E+02   8.646386528486914E+00
  7.795751137843166E+07   3.548000000000000E+02   8.423775875461075E+00
  7.795751637843166E+07   3.554000000000000E+02   8.430895563343196E+00
  7.795752137843166E+07   3.516000000000000E+02   8.385702117294652E+00
  7.795752637843166E+07   3.522000000000000E+02   8.392854103342914E+00
  7.795753137843166E+07   3.532000000000000E+02   8.404760555780278E+00
  7.795753637843166E+07   3.410000000000000E+02   8.258329128825030E+00
  7.795754137843166E+07   3.386000000000000E+02   8.229216244576394E+00
  7.795754637843166E+07   3.524000000000000E+02   8.395236744726143E+00
  7.795755137843166E+07   3.518000000000000E+02   8.388086790204309E+00
  7.795755637843166E+07   3.552000000000000E+02   8.428523002282191E+00
  7.795756137843166E+07   3.580000000000000E+02   8.461678320522472E+00
  7.795756637843166E+07   3.514000000000000E+02   8.383316766053875E+00
  7.795757137843166E+07   3.664000000000000E+02   8.560373823613078E+00
  7.795757637843166E+07   3.504000000000000E+02   8.371379814582539E+00
  7.795758137843166E+07   3.306000000000000E+02   8.131420540102450E+00
  7.795758637843166E+07   3.414000000000000E+02   8.263171304045439E+00
  7.795759137843166E+07   3.864000000000000E+02   8.790904390334365E+00
  7.795759637843166E+07   3.552000000000000E+02   8.428523002282191E+00
  7.795760137843166E+07   3.474000000000000E+02   8.335466393669883E+00
  7.795760637843166E+07   3.312000000000000E+02   8.138795979750322E+00
  7.795761137843166E+07   3.660000000000000E+02   8.555699854482976E+00
  7.795761637843166E+07   3.802000000000000E+02   8.720091742636656E+00
  7.795762137843166E+07   4.006000000000000E+02   8.950977600240098E+00
  7.795762637843166E+07   5.086000000000000E+02   1.008563334649837E+01
  7.795763137843166E+07   7.650000000000000E+02   1.236931687685298E+01
  7.795763637843166E+07   7.358000000000000E+02   1.213095214729660E+01
  7.795764137843166E+07   6.618000000000000E+02   1.150478161461572E+01
  7.795764637843166E+07   7.984000000000000E+02   1.263645519914505E+01
  7.795765137843166E+07   6.926000000000000E+02   1.176945198384360E+01
  7.795765637843166E+07   7.608000000000000E+02   1.233531515608742E+01
  7.795766137843166E+07   6.398000000000000E+02   1.131194059390342E+01
  7.795766637843166E+07   5.508000000000000E+02   1.049571341072154E+01
  7.795767137843166E+07   4.384000000000000E+02   9.363759928575700E+00
  7.795767637843166E+07   4.622000000000000E+02   9.614572273377531E+00
  7.795768137843166E+07   4.344000000000000E+02   9.320944158184835E+00
  7.795768637843166E+07   4.482000000000000E+02   9.467840302835700E+00
  7.795769137843166E+07   4.036000000000000E+02   8.984430978086481E+00
  7.795769637843166E+07   3.714000000000000E+02   8.618584570566096E+00
  7.795770137843166E+07   3.614000000000000E+02   8.501764522732913E+00
  7.795770637843166E+07   3.600000000000000E+02   8.485281374238571E+00
  7.795771137843166E+07   3.470000000000000E+02   8.330666239863412E+00
  7.795771637843166E+07   3.792000000000000E+02   8.708616422830897E+00
  7.795772137843166E+07   3.398000000000000E+02   8.243785538209981E+00
  7.795772637843166E+07   3.608000000000000E+02   8.494704232638121E+00
  7.795773137843166E+07   3.308000000000000E+02   8.133879763065101E+00
  7.795773637843166E+07   3.400000000000000E+02   8.246211251235321E+00
  7.795774137843166E+07   3.460000000000000E+02   8.318653737234168E+00
  7.795774637843166E+07   3.480000000000000E+02   8.342661445845684E+00
  7.795775137843166E+07   3.704000000000000E+02   8.606973916540005E+00
  7.795775637843166E+07   3.682000000000000E+02   8.581375181169973E+00
  7.795776137843166E+07   3.644000000000000E+02   8.536978388165219E+00
  7.795776637843166E+07   3.672000000000000E+02   8.569714114251420E+00
  7.795777137843166E+07   3.794000000000000E+02   8.710912696153027E+00
  7.795777637843166E+07   4.066000000000000E+02   9.017760254076396E+00
  7.795778137843166E+07   4.542000000000000E+02   9.531002045955084E+00
  7.795778637843166E+07   4.798000000000000E+02   9.795917517006766E+00
  7.795779137843166E+07   5.084000000000000E+02   1.008365013276442E+01
  7.795779637843166E+07   5.080000000000000E+02   1.007968253468332E+01
  7.795780137843166E+07   5.258000000000000E+02   1.025475499463542E+01
  7.795780637843166E+07   4.730000000000000E+02   9.726253132630262E+00
  7.795781137843166E+07   4.804000000000000E+02   9.802040603874277E+00
  7.795781637843166E+07   4.786000000000000E+02   9.783659846908007E+00
  7.795782137843166E+07   4.858000000000000E+02   9.856977224281286E+00
  7.795782637843166E+07   4.650000000000000E+02   9.643650760992955E+00
  7.795783137843166E+07   5.242000000000000E+02   1.023914058893616E+01
  7.795783637843166E+07   5.312000000000000E+02   1.030727898138010E+01
  7.795784137843166E+07   5.308000000000000E+02   1.030339749791301E+01
  7.795784637843166E+07   4.694000000000000E+02   9.689169211031459E+00
  7.795785137843166E+07   4.488000000000000E+02   9.474175425861608E+00
  7.795785637843166E+07   4.270000000000000E+02   9.241212041718338E+00
  7.795786137843166E+07   4.780000000000000E+02   9.777525249264254E+00
  7.795786637843166E+07   4.196000000000000E+02   9.160785992479029E+00
  7.795787137843166E+07   3.814000000000000E+02   8.733842224359218E+00
  7.795787637843166E+07   3.700000000000000E+02   8.602325267042627E+00
  7.795788137843166E+07   3.556000000000000E+02   8.433267456923206E+00
  7.795788637843166E+07   3.544000000000000E+02   8.419026071939674E+00
  7.795789137843166E+07   3.568000000000000E+02   8.447484832777150E+00
  7.795789637843166E+07   3.486000000000000E+02   8.349850298059241E+00
  7.795790137843166E+07   3.420000000000000E+02   8.270429251254132E+00
  7.795790637843166E+07   3.228000000000000E+02   8.034923770640265E+00
  7.795791137843166E+07   3.478000000000000E+02   8.340263784797218E+00
  7.795791637843166E+07   3.442000000000000E+02   8.296987405076617E+00
  7.795792137843166E+07   3.466000000000000E+02   8.325863318599460E+00
  7.795792637843166E+07   3.580000000000000E+02   8.461678320522472E+00
  7.795793137843166E+07   4.160000000000000E+02   9.121403400793103E+00
  7.795793637843166E+07   3.848000000000000E+02   8.772684879784524E+00
  7.795794137843166E+07   3.898000000000000E+02   8.829496021857647E+00
  7.795794637843166E+07   4.142000000000000E+02   9.101648202386203E+00
  7.795795137843166E+07   4.784000000000000E+02   9.781615408509987E+00
  7.795795637843166E+07   5.008000000000000E+02   1.000799680255744E+01
  7.795796137843166E+07   4.512000000000000E+02   9.499473669630333E+00
  7.795796637843166E+07   4.982000000000000E+02   9.981983770774224E+00
  7.795797137843166E+07   6.052000000000000E+02   1.100181803158005E+01
  7.795797637843166E+07   5.432000000000000E+02   1.042305137663631E+01
  7.795798137843166E+07   4.952000000000000E+02   9.951884243699784E+00
  7.795798637843166E+07   4.700000000000000E+02   9.695359714832659E+00
  7.795799137843166E+07   4.350000000000000E+02   9.327379053088816E+00
  7.795799637843166E+07   4.252000000000000E+02   9.221713506718803E+00
  7.795800137843166E+07   3.784000000000000E+02   8.699425268372618E+00
  7.795800637843166E+07   4.008000000000000E+02   8.953211714239757E+00
  7.795801137843166E+07   4.380000000000000E+02   9.359487165438072E+00
  7.795801637843166E+07   4.612000000000000E+02   9.604165762834375E+00
  7.795802137843166E+07   4.728000000000000E+02   9.724196624914574E+00
  7.795802637843166E+07   4.686000000000000E+02   9.680909048224759E+00
  7.795803137843166E+07   4.844000000000000E+02   9.842763839491425E+00
  7.795803637843166E+07   5.392000000000000E+02   1.038460398859774E+01
  7.795804137843166E+07   4.672000000000000E+02   9.666436778875658E+00
  7.795804637843166E+07   4.244000000000000E+02   9.213034245024817E+00
  7.795805137843166E+07   4.194000000000000E+02   9.158602513484249E+00
  7.795805637843166E+07   3.878000000000000E+02   8.806815542521599E+00
  7.795806137843166E+07   3.890000000000000E+02   8.820430828479978E+00
  7.795806637843166E+07   3.736000000000000E+02   8.644073113989723E+00
  7.795807137843166E+07   3.692000000000000E+02   8.593020423576334E+00
  7.795807637843166E+07   3.434000000000000E+02   8.287339742040263E+00
  7.795808137843166E+07   3.420000000000000E+02   8.270429251254132E+00
  7.795808637843166E+07   3.370000000000000E+02   8.209750300709517E+00
  7.795809137843166E+07   3.508000000000000E+02   8.376156636548769E+00
  7.795809637843166E+07   3.454000000000000E+02   8.311437902072059E+00
  7.795810137843166E+07   3.420000000000000E+02   8.270429251254132E+00
  7.795810637843166E+07   3.714000000000000E+02   8.618584570566096E+00
  7.795811137843166E+07   3.924000000000000E+02   8.858893836140041E+00
  7.795811637843166E+07   3.808000000000000E+02   8.726969691708572E+00
  7.795812137843166E+07   4.290000000000000E+02   9.262828941527529E+00
  7.795812637843166E+07   4.634000000000000E+02   9.627045237246993E+00
  7.795813137843166E+07   5.080000000000000E+02   1.007968253468332E+01
  7.795813637843166E+07   5.068000000000000E+02   1.006777035892258E+01
  7.795814137843166E+07   4.910000000000000E+02   9.909591313469996E+00
  7.795814637843166E+07   4.362000000000000E+02   9.340235543068493E+00
  7.795815137843166E+07   4.652000000000000E+02   9.645724441429994E+00
  7.795815637843166E+07   5.222000000000000E+02   1.021958903283297E+01
  7.795816137843166E+07   5.410000000000000E+02   1.040192289915668E+01
  7.795816637843166E+07   4.864000000000000E+02   9.863062404750362E+00
  7.795817137843166E+07   4.288000000000000E+02   9.260669522232181E+00
  7.795817637843166E+07   4.182000000000000E+02   9.145490692138941E+00
  7.795818137843166E+07   4.374000000000000E+02   9.353074360871938E+00
  7.795818637843166E+07   5.124000000000000E+02   1.012324058787501E+01
  7.795819137843166E+07   4.980000000000000E+02   9.979979959899719E+00
  7.795819637843166E+07   5.348000000000000E+02   1.034214677907832E+01
  7.795820137843166E+07   4.814000000000000E+02   9.812237257628864E+00
  7.795820637843166E+07   4.554000000000000E+02   9.543584232352121E+00
  7.795821137843166E+07   4.238000000000000E+02   9.206519429187123E+00
  7.795821637843166E+07   3.928000000000000E+02   8.863407922464136E+00
  7.795822137843166E+07   3.836000000000000E+02   8.758995376183275E+00
  7.795822637843166E+07   3.736000000000000E+02   8.644073113989723E+00
  7.795823137843166E+07   3.536000000000000E+02   8.409518416651455E+00
  7.795823637843166E+07   3.618000000000000E+02   8.506468127254696E+00
  7.795824137843166E+07   3.426000000000000E+02   8.277680834629951E+00
  7.795824637843166E+07   3.402000000000000E+02   8.248636250920512E+00
  7.795825137843166E+07   3.280000000000000E+02   8.099382692526635E+00
  7.795825637843166E+07   3.414000000000000E+02   8.263171304045439E+00
  7.795826137843166E+07   3.442000000000000E+02   8.296987405076617E+00
  7.795826637843166E+07   3.468000000000000E+02   8.328265125462805E+00
  7.795827137843166E+07   3.514000000000000E+02   8.383316766053875E+00
  7.795827637843166E+07   3.326000000000000E+02   8.155979401641472E+00
  7.795828137843166E+07   3.398000000000000E+02   8.243785538209981E+00
  7.795828637843166E+07   3.518000000000000E+02   8.388086790204309E+00
  7.795829137843166E+07   3.630000000000000E+02   8.520563361656318E+00
  7.795829637843166E+07   3.556000000000000E+02   8.433267456923206E+00
  7.795830137843166E+07   3.776666666666667E+02   1.122002178647122E+01
