  7.795717737843166E+07   3.520000000000000E+02   1.876166303929372E+01
  7.795717837843166E+07   3.580000000000000E+02   1.892088792842450E+01
  7.795717937843166E+07   3.570000000000000E+02   1.889444362769119E+01
  7.795718037843166E+07   3.270000000000000E+02   1.808314132002512E+01
  7.795718137843166E+07   3.370000000000000E+02   1.835755975068582E+01
  7.795718237843166E+07   3.630000000000000E+02   1.905255888325765E+01
  7.795718337843166E+07   3.320000000000000E+02   1.822086715828860E+01
  7.795718437843166E+07   2.880000000000000E+02   1.697056274847714E+01
  7.795718537843166E+07   3.840000000000000E+02   1.959591794226542E+01
  7.795718637843166E+07   3.260000000000000E+02   1.805547008526779E+01
  7.795718737843166E+07   3.460000000000000E+02   1.860107523773828E+01
  7.795718837843166E+07   3.520000000000000E+02   1.876166303929372E+01
  7.795718937843166E+07   3.340000000000000E+02   1.827566688249707E+01
  7.795719037843166E+07   3.360000000000000E+02   1.833030277982336E+01
  7.795719137843166E+07   3.510000000000000E+02   1.873499399519519E+01
  7.795719237843166E+07   3.460000000000000E+02   1.860107523773828E+01
  7.795719337843166E+07   3.540000000000000E+02   1.881488772222678E+01
  7.795719437843166E+07   3.240000000000000E+02   1.800000000000000E+01
  7.795719537843166E+07   3.270000000000000E+02   1.808314132002512E+01
  7.795719637843166E+07   3.560000000000000E+02   1.886796226411321E+01
  7.795719737843166E+07   3.140000000000000E+02   1.772004514666935E+01
  7.795719837843166E+07   3.580000000000000E+02   1.892088792842450E+01
  7.795719937843166E+07   3.700000000000000E+02   1.923538406167134E+01
  7.795720037843166E+07   3.490000000000000E+02   1.868154169226941E+01
  7.795720137843166E+07   3.500000000000000E+02   1.870828693386971E+01
  7.795720237843166E+07   3.640000000000000E+02   1.907878402833891E+01
  7.795720337843166E+07   3.610000000000000E+02   1.900000000000000E+01
  7.795720437843166E+07   3.200000000000000E+02   1.788854381999832E+01
  7.795720537843166E+07   3.800000000000000E+02   1.949358868961793E+01
  7.795720637843166E+07   3.410000000000000E+02   1.846618531261939E+01
  7.795720737843166E+07   3.710000000000000E+02   1.926136028425822E+01
  7.795720837843166E+07   3.440000000000000E+02   1.854723699099141E+01
  7.795720937843166E+07   3.500000000000000E+02   1.870828693386971E+01
  7.795721037843166E+07   3.360000000000000E+02   1.833030277982336E+01
  7.795721137843166E+07   3.610000000000000E+02   1.900000000000000E+01
  7.795721237843166E+07   3.460000000000000E+02   1.860107523773828E+01
  7.795721337843166E+07   3.820000000000000E+02   1.954482028569207E+01
  7.795721437843166E+07   4.160000000000000E+02   2.039607805437114E+01
  7.795721537843166E+07   3.830000000000000E+02   1.957038579078093E+01
  7.795721637843166E+07   3.820000000000000E+02   1.954482028569207E+01
  7.795721737843166E+07   4.090000000000000E+02   2.022374841615668E+01
  7.795721837843166E+07   4.400000000000000E+02   2.097617696340303E+01
  7.795721937843166E+07   4.040000000000000E+02   2.009975124224178E+01
  7.795722037843166E+07   4.420000000000000E+02   2.102379604162864E+01
  7.795722137843166E+07   4.220000000000000E+02   2.054263858417414E+01
  7.795722237843166E+07   4.270000000000000E+02   2.066397831977183E+01
  7.795722337843166E+07   4.330000000000000E+02   2.080865204668481E+01
  7.795722437843166E+07   4.080000000000000E+02   2.019900987672415E+01
  7.795722537843166E+07   4.390000000000000E+02   2.095232683975696E+01
  7.795722637843166E+07   4.130000000000000E+02   2.032240143290158E+01
  7.795722737843166E+07   4.390000000000000E+02   2.095232683975696E+01
  7.795722837843166E+07   4.250000000000000E+02   2.061552812808830E+01
  7.795722937843166E+07   3.940000000000000E+02   1.984943324127921E+01
  7.795723037843166E+07   3.780000000000000E+02   1.944222209522358E+01
  7.795723137843166E+07   4.270000000000000E+02   2.066397831977183E+01
  7.795723237843166E+07   3.890000000000000E+02   1.972308292331602E+01
  7.795723337843166E+07   4.330000000000000E+02   2.080865204668481E+01
  7.795723437843166E+07   4.560000000000000E+02   2.135415650406262E+01
  7.795723537843166E+07   4.650000000000000E+02   2.156385865284782E+01
  7.795723637843166E+07   4.790000000000000E+02   2.188606862823929E+01
  7.795723737843166E+07   5.500000000000000E+02   2.345207879911715E+01
  7.795723837843166E+07   5.370000000000000E+02   2.317326045251293E+01
  7.795723937843166E+07   4.480000000000000E+02   2.116601048851673E+01
  7.795724037843166E+07   5.950000000000000E+02   2.439262183530094E+01
  7.795724137843166E+07   5.590000000000000E+02   2.364318083507378E+01
  7.795724237843166E+07   6.320000000000000E+02   2.513961017995307E+01
  7.795724337843166E+07   6.040000000000000E+02   2.457641145488902E+01
  7.795724437843166E+07   5.590000000000000E+02   2.364318083507378E+01
  7.795724537843166E+07   5.580000000000000E+02   2.362202362203543E+01
  7.795724637843166E+07   5.310000000000000E+02   2.304343724360583E+01
  7.795724737843166E+07   4.900000000000000E+02   2.213594362117865E+01
  7.795724837843166E+07   4.580000000000000E+02   2.140093455903270E+01
  7.795724937843166E+07   4.850000000000000E+02   2.202271554554524E+01
  7.795725037843166E+07   4.860000000000000E+02   2.204540768504860E+01
  7.795725137843166E+07   4.420000000000000E+02   2.102379604162864E+01
  7.795725237843166E+07   4.370000000000000E+02   2.090454496036687E+01
  7.795725337843166E+07   4.770000000000000E+02   2.184032966784156E+01
  7.795725437843166E+07   4.510000000000000E+02   2.123676058159530E+01
  7.795725537843166E+07   4.580000000000000E+02   2.140093455903270E+01
  7.795725637843166E+07   4.460000000000000E+02   2.111871208194287E+01
  7.795725737843166E+07   4.260000000000000E+02   2.063976744055029E+01
  7.795725837843166E+07   4.210000000000000E+02   2.051828452868319E+01
  7.795725937843166E+07   4.440000000000000E+02   2.107130750570548E+01
  7.795726037843166E+07   4.410000000000000E+02   2.100000000000000E+01
  7.795726137843166E+07   4.960000000000000E+02   2.227105745132009E+01
  7.795726237843166E+07   5.040000000000000E+02   2.244994432064365E+01
  7.795726337843166E+07   5.150000000000000E+02   2.269361143582043E+01
  7.795726437843166E+07   4.150000000000000E+02   2.037154878746336E+01
  7.795726537843166E+07   4.190000000000000E+02   2.046948949045872E+01
  7.795726637843166E+07   4.640000000000000E+02   2.154065922853801E+01
  7.795726737843166E+07   4.820000000000000E+02   2.195449840010015E+01
  7.795726837843166E+07   4.520000000000000E+02   2.126029162546930E+01
  7.795726937843166E+07   5.490000000000000E+02   2.343074902771996E+01
  7.795727037843166E+07   4.920000000000000E+02   2.218107301281884E+01
  7.795727137843166E+07   5.220000000000000E+02   2.284731931759173E+01
  7.795727237843166E+07   4.470000000000000E+02   2.114237451186597E+01
  7.795727337843166E+07   4.640000000000000E+02   2.154065922853801E+01
  7.795727437843166E+07   4.800000000000000E+02   2.190890230020664E+01
  7.795727537843166E+07   5.550000000000000E+02   2.355843797877949E+01
  7.795727637843166E+07   5.250000000000000E+02   2.291287847477920E+01
  7.795727737843166E+07   5.180000000000000E+02   2.275961335348208E+01
  7.795727837843166E+07   4.960000000000000E+02   2.227105745132009E+01
  7.795727937843166E+07   4.770000000000000E+02   2.184032966784156E+01
  7.795728037843166E+07   5.540000000000000E+02   2.353720459187964E+01
  7.795728137843166E+07   5.190000000000000E+02   2.278157149978903E+01
  7.795728237843166E+07   4.990000000000000E+02   2.233830790368868E+01
  7.795728337843166E+07   4.590000000000000E+02   2.142428528562855E+01
  7.795728437843166E+07   5.040000000000000E+02   2.244994432064365E+01
  7.795728537843166E+07   5.350000000000000E+02   2.313006701244075E+01
  7.795728637843166E+07   4.930000000000000E+02   2.220360331117452E+01
  7.795728737843166E+07   5.010000000000000E+02   2.238302928559939E+01
  7.795728837843166E+07   4.310000000000000E+02   2.076053949202669E+01
  7.795728937843166E+07   5.680000000000000E+02   2.383275057562597E+01
  7.795729037843166E+07   5.030000000000000E+02   2.242766149200580E+01
  7.795729137843166E+07   4.850000000000000E+02   2.202271554554524E+01
  7.795729237843166E+07   4.200000000000000E+02   2.049390153191920E+01
  7.795729337843166E+07   5.050000000000000E+02   2.247220505424423E+01
  7.795729437843166E+07   5.260000000000000E+02   2.293468988235943E+01
  7.795729537843166E+07   5.050000000000000E+02   2.247220505424423E+01
  7.795729637843166E+07   4.300000000000000E+02   2.073644135332772E+01
  7.795729737843166E+07   4.850000000000000E+02   2.202271554554524E+01
  7.795729837843166E+07   5.960000000000000E+02   2.441311123146740E+01
  7.795729937843166E+07   5.760000000000000E+02   2.400000000000000E+01
  7.795730037843166E+07   5.060000000000000E+02   2.249444375840399E+01
  7.795730137843166E+07   5.310000000000000E+02   2.304343724360583E+01
  7.795730237843166E+07   5.360000000000000E+02   2.315167380558045E+01
  7.795730337843166E+07   5.550000000000000E+02   2.355843797877949E+01
  7.795730437843166E+07   5.360000000000000E+02   2.315167380558045E+01
  7.795730537843166E+07   5.770000000000000E+02   2.402082429892863E+01
  7.795730637843166E+07   5.340000000000000E+02   2.310844001658269E+01
  7.795730737843166E+07   6.320000000000000E+02   2.513961017995307E+01
  7.795730837843166E+07   6.650000000000000E+02   2.578759391645525E+01
  7.795730937843166E+07   6.420000000000000E+02   2.533771891863985E+01
  7.795731037843166E+07   5.570000000000000E+02   2.360084744241189E+01
  7.795731137843166E+07   5.250000000000000E+02   2.291287847477920E+01
  7.795731237843166E+07   5.240000000000000E+02   2.289104628451920E+01
  7.795731337843166E+07   5.440000000000000E+02   2.332380757938120E+01
  7.795731437843166E+07   5.290000000000000E+02   2.300000000000000E+01
  7.795731537843166E+07   5.210000000000000E+02   2.282542442102665E+01
  7.795731637843166E+07   6.080000000000000E+02   2.465765601187590E+01
  7.795731737843166E+07   5.800000000000000E+02   2.408318915758459E+01
  7.795731837843166E+07   5.360000000000000E+02   2.315167380558045E+01
  7.795731937843166E+07   5.340000000000000E+02   2.310844001658269E+01
  7.795732037843166E+07   5.120000000000000E+02   2.262741699796952E+01
  7.795732137843166E+07   5.750000000000000E+02   2.397915761656360E+01
  7.795732237843166E+07   5.800000000000000E+02   2.408318915758459E+01
  7.795732337843166E+07   5.860000000000000E+02   2.420743687382041E+01
  7.795732437843166E+07   6.160000000000000E+02   2.481934729198171E+01
  7.795732537843166E+07   6.050000000000000E+02   2.459674775249769E+01
  7.795732637843166E+07   4.840000000000000E+02   2.200000000000000E+01
  7.795732737843166E+07   4.690000000000000E+02   2.165640782770771E+01
  7.795732837843166E+07   5.010000000000000E+02   2.238302928559939E+01
  7.795732937843166E+07   5.080000000000000E+02   2.253885533916929E+01
  7.795733037843166E+07   4.220000000000000E+02   2.054263858417414E+01
  7.795733137843166E+07   4.370000000000000E+02   2.090454496036687E+01
  7.795733237843166E+07   4.680000000000000E+02   2.163330765278394E+01
  7.795733337843166E+07   4.860000000000000E+02   2.204540768504860E+01
  7.795733437843166E+07   4.910000000000000E+02   2.215851980616034E+01
  7.795733537843166E+07   5.320000000000000E+02   2.306512518934159E+01
  7.795733637843166E+07   5.170000000000000E+02   2.273763400180415E+01
  7.795733737843166E+07   5.470000000000000E+02   2.338803112705300E+01
  7.795733837843166E+07   4.770000000000000E+02   2.184032966784156E+01
  7.795733937843166E+07   4.960000000000000E+02   2.227105745132009E+01
  7.795734037843166E+07   5.750000000000000E+02   2.397915761656360E+01
  7.795734137843166E+07   6.360000000000000E+02   2.521904042583698E+01
  7.795734237843166E+07   7.010000000000000E+02   2.647640458974745E+01
  7.795734337843166E+07   6.480000000000000E+02   2.545584412271571E+01
  7.795734437843166E+07   5.440000000000000E+02   2.332380757938120E+01
  7.795734537843166E+07   5.040000000000000E+02   2.244994432064365E+01
  7.795734637843166E+07   6.050000000000000E+02   2.459674775249769E+01
  7.795734737843166E+07   5.530000000000000E+02   2.351595203260969E+01
  7.795734837843166E+07   5.530000000000000E+02   2.351595203260969E+01
  7.795734937843166E+07   4.870000000000000E+02   2.206807649071391E+01
  7.795735037843166E+07   4.140000000000000E+02   2.034698994937580E+01
  7.795735137843166E+07   4.700000000000000E+02   2.167948338867880E+01
  7.795735237843166E+07   4.590000000000000E+02   2.142428528562855E+01
  7.795735337843166E+07   4.560000000000000E+02   2.135415650406262E+01
  7.795735437843166E+07   4.850000000000000E+02   2.202271554554524E+01
  7.795735537843166E+07   5.010000000000000E+02   2.238302928559939E+01
  7.795735637843166E+07   4.650000000000000E+02   2.156385865284782E+01
  7.795735737843166E+07   5.410000000000000E+02   2.325940669922602E+01
  7.795735837843166E+07   5.120000000000000E+02   2.262741699796952E+01
  7.795735937843166E+07   4.530000000000000E+02   2.128379665379276E+01
  7.795736037843166E+07   4.480000000000000E+02   2.116601048851673E+01
  7.795736137843166E+07   4.050000000000000E+02   2.012461179749811E+01
  7.795736237843166E+07   4.400000000000000E+02   2.097617696340303E+01
  7.795736337843166E+07   4.080000000000000E+02   2.019900987672415E+01
  7.795736437843166E+07   4.270000000000000E+02   2.066397831977183E+01
  7.795736537843166E+07   3.790000000000000E+02   1.946792233393179E+01
  7.795736637843166E+07   3.730000000000000E+02   1.931320791582797E+01
  7.795736737843166E+07   3.700000000000000E+02   1.923538406167134E+01
  7.795736837843166E+07   3.670000000000000E+02   1.915724406066802E+01
  7.795736937843166E+07   3.780000000000000E+02   1.944222209522358E+01
  7.795737037843166E+07   3.510000000000000E+02   1.873499399519519E+01
  7.795737137843166E+07   3.530000000000000E+02   1.878829422805594E+01
  7.795737237843166E+07   3.510000000000000E+02   1.873499399519519E+01
  7.795737337843166E+07   3.530000000000000E+02   1.878829422805594E+01
  7.795737437843166E+07   3.770000000000000E+02   1.941648783894760E+01
  7.795737537843166E+07   3.750000000000000E+02   1.936491673103708E+01
  7.795737637843166E+07   3.330000000000000E+02   1.824828759089466E+01
  7.795737737843166E+07   3.590000000000000E+02   1.894729532149642E+01
  7.795737837843166E+07   3.670000000000000E+02   1.915724406066802E+01
  7.795737937843166E+07   3.420000000000000E+02   1.849324200890693E+01
  7.795738037843166E+07   3.340000000000000E+02   1.827566688249707E+01
  7.795738137843166E+07   3.860000000000000E+02   1.964688270438850E+01
  7.795738237843166E+07   3.370000000000000E+02   1.835755975068582E+01
  7.795738337843166E+07   3.430000000000000E+02   1.852025917745214E+01
  7.795738437843166E+07   3.300000000000000E+02   1.816590212458495E+01
  7.795738537843166E+07   3.540000000000000E+02   1.881488772222678E+01
  7.795738637843166E+07   3.780000000000000E+02   1.944222209522358E+01
  7.795738737843166E+07   3.560000000000000E+02   1.886796226411321E+01
  7.795738837843166E+07   3.520000000000000E+02   1.876166303929372E+01
  7.795738937843166E+07   3.490000000000000E+02   1.868154169226941E+01
  7.795739037843166E+07   3.370000000000000E+02   1.835755975068582E+01
  7.795739137843166E+07   3.800000000000000E+02   1.949358868961793E+01
  7.795739237843166E+07   3.560000000000000E+02   1.886796226411321E+01
  7.795739337843166E+07   3.440000000000000E+02   1.854723699099141E+01
  7.795739437843166E+07   3.470000000000000E+02   1.862793601019716E+01
  7.795739537843166E+07   3.210000000000000E+02   1.791647286716892E+01
  7.795739637843166E+07   3.200000000000000E+02   1.788854381999832E+01
  7.795739737843166E+07   3.460000000000000E+02   1.860107523773828E+01
  7.795739837843166E+07   3.800000000000000E+02   1.949358868961793E+01
  7.795739937843166E+07   3.600000000000000E+02   1.897366596101028E+01
  7.795740037843166E+07   3.420000000000000E+02   1.849324200890693E+01
  7.795740137843166E+07   3.540000000000000E+02   1.881488772222678E+01
  7.795740237843166E+07   3.410000000000000E+02   1.846618531261939E+01
  7.795740337843166E+07   3.590000000000000E+02   1.894729532149642E+01
  7.795740437843166E+07   3.390000000000000E+02   1.841195263952197E+01
  7.795740537843166E+07   3.610000000000000E+02   1.900000000000000E+01
  7.795740637843166E+07   3.300000000000000E+02   1.816590212458495E+01
  7.795740737843166E+07   3.750000000000000E+02   1.936491673103708E+01
  7.795740837843166E+07   3.250000000000000E+02   1.802775637731995E+01
  7.795740937843166E+07   3.560000000000000E+02   1.886796226411321E+01
  7.795741037843166E+07   3.260000000000000E+02   1.805547008526779E+01
  7.795741137843166E+07   3.360000000000000E+02   1.833030277982336E+01
  7.795741237843166E+07   3.590000000000000E+02   1.894729532149642E+01
  7.795741337843166E+07   3.570000000000000E+02   1.889444362769119E+01
  7.795741437843166E+07   3.580000000000000E+02   1.892088792842450E+01
  7.795741537843166E+07   3.950000000000000E+02   1.987460691435179E+01
  7.795741637843166E+07   3.490000000000000E+02   1.868154169226941E+01
  7.795741737843166E+07   3.370000000000000E+02   1.835755975068582E+01
  7.795741837843166E+07   3.320000000000000E+02   1.822086715828860E+01
  7.795741937843166E+07   3.580000000000000E+02   1.892088792842450E+01
  7.795742037843166E+07   3.540000000000000E+02   1.881488772222678E+01
  7.795742137843166E+07   3.600000000000000E+02   1.897366596101028E+01
  7.795742237843166E+07   3.280000000000000E+02   1.811077027627483E+01
  7.795742337843166E+07   3.540000000000000E+02   1.881488772222678E+01
  7.795742437843166E+07   3.260000000000000E+02   1.805547008526779E+01
  7.795742537843166E+07   3.350000000000000E+02   1.830300521772313E+01
  7.795742637843166E+07   3.410000000000000E+02   1.846618531261939E+01
  7.795742737843166E+07   3.700000000000000E+02   1.923538406167134E+01
  7.795742837843166E+07   3.400000000000000E+02   1.843908891458577E+01
  7.795742937843166E+07   3.460000000000000E+02   1.860107523773828E+01
  7.795743037843166E+07   3.280000000000000E+02   1.811077027627483E+01
  7.795743137843166E+07   3.370000000000000E+02   1.835755975068582E+01
  7.795743237843166E+07   3.140000000000000E+02   1.772004514666935E+01
  7.795743337843166E+07   3.130000000000000E+02   1.769180601295413E+01
  7.795743437843166E+07   3.550000000000000E+02   1.884144368141677E+01
  7.795743537843166E+07   3.500000000000000E+02   1.870828693386971E+01
  7.795743637843166E+07   3.240000000000000E+02   1.800000000000000E+01
  7.795743737843166E+07   3.270000000000000E+02   1.808314132002512E+01
  7.795743837843166E+07   3.940000000000000E+02   1.984943324127921E+01
  7.795743937843166E+07   3.180000000000000E+02   1.783255450012701E+01
  7.795744037843166E+07   3.780000000000000E+02   1.944222209522358E+01
  7.795744137843166E+07   3.880000000000000E+02   1.969771560359221E+01
  7.795744237843166E+07   3.330000000000000E+02   1.824828759089466E+01
  7.795744337843166E+07   3.490000000000000E+02   1.868154169226941E+01
  7.795744437843166E+07   3.260000000000000E+02   1.805547008526779E+01
  7.795744537843166E+07   3.460000000000000E+02   1.860107523773828E+01
  7.795744637843166E+07   3.830000000000000E+02   1.957038579078093E+01
  7.795744737843166E+07   3.560000000000000E+02   1.886796226411321E+01
  7.795744837843166E+07   3.970000000000000E+02   1.992485884517128E+01
  7.795744937843166E+07   4.320000000000000E+02   2.078460969082653E+01
  7.795745037843166E+07   4.390000000000000E+02   2.095232683975696E+01
  7.795745137843166E+07   4.400000000000000E+02   2.097617696340303E+01
  7.795745237843166E+07   5.130000000000000E+02   2.264950330581225E+01
  7.795745337843166E+07   4.990000000000000E+02   2.233830790368868E+01
  7.795745437843166E+07   4.840000000000000E+02   2.200000000000000E+01
  7.795745537843166E+07   5.050000000000000E+02   2.247220505424423E+01
  7.795745637843166E+07   4.590000000000000E+02   2.142428528562855E+01
  7.795745737843166E+07   4.010000000000000E+02   2.002498439450079E+01
  7.795745837843166E+07   4.720000000000000E+02   2.172556098240043E+01
  7.795745937843166E+07   4.450000000000000E+02   2.109502310972899E+01
  7.795746037843166E+07   5.130000000000000E+02   2.264950330581225E+01
  7.795746137843166E+07   5.860000000000000E+02   2.420743687382041E+01
  7.795746237843166E+07   5.960000000000000E+02   2.441311123146740E+01
  7.795746337843166E+07   6.480000000000000E+02   2.545584412271571E+01
  7.795746437843166E+07   6.410000000000000E+02   2.531797780234433E+01
  7.795746537843166E+07   6.760000000000000E+02   2.600000000000000E+01
  7.795746637843166E+07   5.690000000000000E+02   2.385372088375313E+01
  7.795746737843166E+07   5.800000000000000E+02   2.408318915758459E+01
  7.795746837843166E+07   5.100000000000000E+02   2.258317958127243E+01
  7.795746937843166E+07   6.630000000000000E+02   2.574878637916747E+01
  7.795747037843166E+07   7.060000000000000E+02   2.657066051117285E+01
  7.795747137843166E+07   6.010000000000000E+02   2.451530134426253E+01
  7.795747237843166E+07   5.420000000000000E+02   2.328089345364563E+01
  7.795747337843166E+07   7.720000000000000E+02   2.778488797889961E+01
  7.795747437843166E+07   8.460000000000000E+02   2.908607914449797E+01
  7.795747537843166E+07   8.210000000000000E+02   2.865309756378880E+01
  7.795747637843166E+07   6.220000000000000E+02   2.493992782667985E+01
  7.795747737843166E+07   7.360000000000000E+02   2.712931993250107E+01
  7.795747837843166E+07   6.120000000000000E+02   2.473863375370596E+01
  7.795747937843166E+07   5.730000000000000E+02   2.393741840717165E+01
  7.795748037843166E+07   5.090000000000000E+02   2.256102834535696E+01
  7.795748137843166E+07   5.060000000000000E+02   2.249444375840399E+01
  7.795748237843166E+07   5.120000000000000E+02   2.262741699796952E+01
  7.795748337843166E+07   5.570000000000000E+02   2.360084744241189E+01
  7.795748437843166E+07   5.610000000000000E+02   2.368543856465402E+01
  7.795748537843166E+07   5.290000000000000E+02   2.300000000000000E+01
  7.795748637843166E+07   5.120000000000000E+02   2.262741699796952E+01
  7.795748737843166E+07   6.590000000000000E+02   2.567099530598687E+01
  7.795748837843166E+07   6.220000000000000E+02   2.493992782667985E+01
  7.795748937843166E+07   6.040000000000000E+02   2.457641145488902E+01
  7.795749037843166E+07   5.970000000000000E+02   2.443358344574123E+01
  7.795749137843166E+07   5.160000000000000E+02   2.271563338320109E+01
  7.795749237843166E+07   5.350000000000000E+02   2.313006701244075E+01
  7.795749337843166E+07   5.200000000000000E+02   2.280350850198276E+01
  7.795749437843166E+07   4.840000000000000E+02   2.200000000000000E+01
  7.795749537843166E+07   4.370000000000000E+02   2.090454496036687E+01
  7.795749637843166E+07   4.150000000000000E+02   2.037154878746336E+01
  7.795749737843166E+07   4.220000000000000E+02   2.054263858417414E+01
  7.795749837843166E+07   4.090000000000000E+02   2.022374841615668E+01
  7.795749937843166E+07   3.900000000000000E+02   1.974841765813150E+01
  7.795750037843166E+07   4.020000000000000E+02   2.004993765576342E+01
  7.795750137843166E+07   4.490000000000000E+02   2.118962010041709E+01
  7.795750237843166E+07   4.080000000000000E+02   2.019900987672415E+01
  7.795750337843166E+07   3.870000000000000E+02   1.967231557290600E+01
  7.795750437843166E+07   3.720000000000000E+02   1.928730152198591E+01
  7.795750537843166E+07   3.500000000000000E+02   1.870828693386971E+01
  7.795750637843166E+07   4.360000000000000E+02   2.088061301782110E+01
  7.795750737843166E+07   3.780000000000000E+02   1.944222209522358E+01
  7.795750837843166E+07   3.520000000000000E+02   1.876166303929372E+01
  7.795750937843166E+07   3.290000000000000E+02   1.813835714721705E+01
  7.795751037843166E+07   3.740000000000000E+02   1.933907960581372E+01
  7.795751137843166E+07   3.600000000000000E+02   1.897366596101028E+01
  7.795751237843166E+07   3.160000000000000E+02   1.777638883463118E+01
  7.795751337843166E+07   3.630000000000000E+02   1.905255888325765E+01
  7.795751437843166E+07   3.650000000000000E+02   1.910497317454280E+01
  7.795751537843166E+07   3.700000000000000E+02   1.923538406167134E+01
  7.795751637843166E+07   3.350000000000000E+02   1.830300521772313E+01
  7.795751737843166E+07   3.390000000000000E+02   1.841195263952197E+01
  7.795751837843166E+07   3.730000000000000E+02   1.931320791582797E+01
  7.795751937843166E+07   3.550000000000000E+02   1.884144368141677E+01
  7.795752037843166E+07   3.750000000000000E+02   1.936491673103708E+01
  7.795752137843166E+07   3.370000000000000E+02   1.835755975068582E+01
  7.795752237843166E+07   3.500000000000000E+02   1.870828693386971E+01
  7.795752337843166E+07   3.650000000000000E+02   1.910497317454280E+01
  7.795752437843166E+07   3.490000000000000E+02   1.868154169226941E+01
  7.795752537843166E+07   3.570000000000000E+02   1.889444362769119E+01
  7.795752637843166E+07   3.390000000000000E+02   1.841195263952197E+01
  7.795752737843166E+07   3.410000000000000E+02   1.846618531261939E+01
  7.795752837843166E+07   3.350000000000000E+02   1.830300521772313E+01
  7.795752937843166E+07   3.790000000000000E+02   1.946792233393179E+01
  7.795753037843166E+07   3.670000000000000E+02   1.915724406066802E+01
  7.795753137843166E+07   3.720000000000000E+02   1.928730152198591E+01
  7.795753237843166E+07   3.500000000000000E+02   1.870828693386971E+01
  7.795753337843166E+07   3.630000000000000E+02   1.905255888325765E+01
  7.795753437843166E+07   3.410000000000000E+02   1.846618531261939E+01
  7.795753537843166E+07   3.400000000000000E+02   1.843908891458577E+01
  7.795753637843166E+07   3.520000000000000E+02   1.876166303929372E+01
  7.795753737843166E+07   3.250000000000000E+02   1.802775637731995E+01
  7.795753837843166E+07   3.570000000000000E+02   1.889444362769119E+01
  7.795753937843166E+07   3.150000000000000E+02   1.774823934929885E+01
  7.795754037843166E+07   3.560000000000000E+02   1.886796226411321E+01
  7.795754137843166E+07   3.250000000000000E+02   1.802775637731995E+01
  7.795754237843166E+07   3.640000000000000E+02   1.907878402833891E+01
  7.795754337843166E+07   3.370000000000000E+02   1.835755975068582E+01
  7.795754437843166E+07   3.210000000000000E+02   1.791647286716892E+01
  7.795754537843166E+07   3.460000000000000E+02   1.860107523773828E+01
  7.795754637843166E+07   3.520000000000000E+02   1.876166303929372E+01
  7.795754737843166E+07   3.680000000000000E+02   1.918332609325088E+01
  7.795754837843166E+07   3.580000000000000E+02   1.892088792842450E+01
  7.795754937843166E+07   3.490000000000000E+02   1.868154169226941E+01
  7.795755037843166E+07   3.350000000000000E+02   1.830300521772313E+01
  7.795755137843166E+07   3.650000000000000E+02   1.910497317454280E+01
  7.795755237843166E+07   3.330000000000000E+02   1.824828759089466E+01
  7.795755337843166E+07   3.650000000000000E+02   1.910497317454280E+01
  7.795755437843166E+07   3.610000000000000E+02   1.900000000000000E+01
  7.795755537843166E+07   3.350000000000000E+02   1.830300521772313E+01
  7.795755637843166E+07   3.470000000000000E+02   1.862793601019716E+01
  7.795755737843166E+07   3.720000000000000E+02   1.928730152198591E+01
  7.795755837843166E+07   3.310000000000000E+02   1.819340539866025E+01
  7.795755937843166E+07   3.730000000000000E+02   1.931320791582797E+01
  7.795756037843166E+07   3.530000000000000E+02   1.878829422805594E+01
  7.795756137843166E+07   3.570000000000000E+02   1.889444362769119E+01
  7.795756237843166E+07   3.740000000000000E+02   1.933907960581372E+01
  7.795756337843166E+07   3.510000000000000E+02   1.873499399519519E+01
  7.795756437843166E+07   3.600000000000000E+02   1.897366596101028E+01
  7.795756537843166E+07   3.480000000000000E+02   1.865475810617763E+01
  7.795756637843166E+07   3.740000000000000E+02   1.933907960581372E+01
  7.795756737843166E+07   3.260000000000000E+02   1.805547008526779E+01
  7.795756837843166E+07   3.440000000000000E+02   1.854723699099141E+01
  7.795756937843166E+07   3.740000000000000E+02   1.933907960581372E+01
  7.795757037843166E+07   3.390000000000000E+02   1.841195263952197E+01
  7.795757137843166E+07   3.990000000000000E+02   1.997498435543818E+01
  7.795757237843166E+07   3.380000000000000E+02   1.838477631085023E+01
  7.795757337843166E+07   3.410000000000000E+02   1.846618531261939E+01
  7.795757437843166E+07   3.550000000000000E+02   1.884144368141677E+01
  7.795757537843166E+07   3.990000000000000E+02   1.997498435543818E+01
  7.795757637843166E+07   3.450000000000000E+02   1.857417562100671E+01
  7.795757737843166E+07   3.750000000000000E+02   1.936491673103708E+01
  7.795757837843166E+07   3.690000000000000E+02   1.920937271229855E+01
  7.795757937843166E+07   3.260000000000000E+02   1.805547008526779E+01
  7.795758037843166E+07   3.370000000000000E+02   1.835755975068582E+01
  7.795758137843166E+07   3.100000000000000E+02   1.760681686165901E+01
  7.795758237843166E+07   3.130000000000000E+02   1.769180601295413E+01
  7.795758337843166E+07   3.520000000000000E+02   1.876166303929372E+01
  7.795758437843166E+07   3.240000000000000E+02   1.800000000000000E+01
  7.795758537843166E+07   3.540000000000000E+02   1.881488772222678E+01
  7.795758637843166E+07   3.340000000000000E+02   1.827566688249707E+01
  7.795758737843166E+07   3.530000000000000E+02   1.878829422805594E+01
  7.795758837843166E+07   3.130000000000000E+02   1.769180601295413E+01
  7.795758937843166E+07   3.630000000000000E+02   1.905255888325765E+01
  7.795759037843166E+07   3.440000000000000E+02   1.854723699099141E+01
  7.795759137843166E+07   3.880000000000000E+02   1.969771560359221E+01
  7.795759237843166E+07   4.250000000000000E+02   2.061552812808830E+01
  7.795759337843166E+07   3.790000000000000E+02   1.946792233393179E+01
  7.795759437843166E+07   3.630000000000000E+02   1.905255888325765E+01
  7.795759537843166E+07   3.770000000000000E+02   1.941648783894760E+01
  7.795759637843166E+07   3.500000000000000E+02   1.870828693386971E+01
  7.795759737843166E+07   3.830000000000000E+02   1.957038579078093E+01
  7.795759837843166E+07   3.490000000000000E+02   1.868154169226941E+01
  7.795759937843166E+07   3.370000000000000E+02   1.835755975068582E+01
  7.795760037843166E+07   3.570000000000000E+02   1.889444362769119E+01
  7.795760137843166E+07   3.350000000000000E+02   1.830300521772313E+01
  7.795760237843166E+07   3.480000000000000E+02   1.865475810617763E+01
  7.795760337843166E+07   3.360000000000000E+02   1.833030277982336E+01
  7.795760437843166E+07   3.640000000000000E+02   1.907878402833891E+01
  7.795760537843166E+07   3.540000000000000E+02   1.881488772222678E+01
  7.795760637843166E+07   2.990000000000000E+02   1.729161646579058E+01
  7.795760737843166E+07   3.650000000000000E+02   1.910497317454280E+01
  7.795760837843166E+07   3.250000000000000E+02   1.802775637731995E+01
  7.795760937843166E+07   3.340000000000000E+02   1.827566688249707E+01
  7.795761037843166E+07   3.330000000000000E+02   1.824828759089466E+01
  7.795761137843166E+07   3.470000000000000E+02   1.862793601019716E+01
  7.795761237843166E+07   3.620000000000000E+02   1.902629759044045E+01
  7.795761337843166E+07   3.460000000000000E+02   1.860107523773828E+01
  7.795761437843166E+07   3.940000000000000E+02   1.984943324127921E+01
  7.795761537843166E+07   3.810000000000000E+02   1.951922129594314E+01
  7.795761637843166E+07   3.120000000000000E+02   1.766352173265570E+01
  7.795761737843166E+07   3.960000000000000E+02   1.989974874213240E+01
  7.795761837843166E+07   3.840000000000000E+02   1.959591794226542E+01
  7.795761937843166E+07   3.890000000000000E+02   1.972308292331602E+01
  7.795762037843166E+07   4.200000000000000E+02   2.049390153191920E+01
  7.795762137843166E+07   4.030000000000000E+02   2.007485989988473E+01
  7.795762237843166E+07   4.040000000000000E+02   2.009975124224178E+01
  7.795762337843166E+07   3.940000000000000E+02   1.984943324127921E+01
  7.795762437843166E+07   3.870000000000000E+02   1.967231557290600E+01
  7.795762537843166E+07   4.150000000000000E+02   2.037154878746336E+01
  7.795762637843166E+07   4.040000000000000E+02   2.009975124224178E+01
  7.795762737843166E+07   4.570000000000000E+02   2.137755832643195E+01
  7.795762837843166E+07   4.790000000000000E+02   2.188606862823929E+01
  7.795762937843166E+07   5.960000000000000E+02   2.441311123146740E+01
  7.795763037843166E+07   6.070000000000000E+02   2.463736998950984E+01
  7.795763137843166E+07   5.490000000000000E+02   2.343074902771996E+01
  7.795763237843166E+07   6.640000000000000E+02   2.576819745345025E+01
  7.795763337843166E+07   8.500000000000000E+02   2.915475947422650E+01
  7.795763437843166E+07   1.025000000000000E+03   3.201562118716424E+01
  7.795763537843166E+07   7.370000000000000E+02   2.714774392099645E+01
  7.795763637843166E+07   5.050000000000000E+02   2.247220505424423E+01
  7.795763737843166E+07   8.020000000000000E+02   2.831960451701259E+01
  7.795763837843166E+07   8.200000000000000E+02   2.863564212655271E+01
  7.795763937843166E+07   8.080000000000000E+02   2.842534080710379E+01
  7.795764037843166E+07   7.440000000000000E+02   2.727636339397171E+01
  7.795764137843166E+07   6.380000000000000E+02   2.525866188063018E+01
  7.795764237843166E+07   6.990000000000000E+02   2.643860813280457E+01
  7.795764337843166E+07   6.460000000000000E+02   2.541653005427767E+01
  7.795764437843166E+07   6.350000000000000E+02   2.519920633670830E+01
  7.795764537843166E+07   6.910000000000000E+02   2.628687885618983E+01
  7.795764637843166E+07   7.600000000000000E+02   2.756809750418044E+01
  7.795764737843166E+07   8.810000000000000E+02   2.968164415931166E+01
  7.795764837843166E+07   9.540000000000000E+02   3.088689042296100E+01
  7.795764937843166E+07   7.270000000000000E+02   2.696293752542553E+01
  7.795765037843166E+07   6.700000000000000E+02   2.588435821108957E+01
  7.795765137843166E+07   6.430000000000000E+02   2.535744466621193E+01
  7.795765237843166E+07   6.550000000000000E+02   2.559296778413945E+01
  7.795765337843166E+07   6.760000000000000E+02   2.600000000000000E+01
  7.795765437843166E+07   7.290000000000000E+02   2.700000000000000E+01
  7.795765537843166E+07   7.600000000000000E+02   2.756809750418044E+01
  7.795765637843166E+07   7.370000000000000E+02   2.714774392099645E+01
  7.795765737843166E+07   6.950000000000000E+02   2.636285265292814E+01
  7.795765837843166E+07   7.570000000000000E+02   2.751363298439521E+01
  7.795765937843166E+07   8.640000000000000E+02   2.939387691339814E+01
  7.795766037843166E+07   7.510000000000000E+02   2.740437921208944E+01
  7.795766137843166E+07   7.020000000000000E+02   2.649528259898354E+01
  7.795766237843166E+07   6.810000000000000E+02   2.609597670139978E+01
  7.795766337843166E+07   7.070000000000000E+02   2.658947160061666E+01
  7.795766437843166E+07   6.050000000000000E+02   2.459674775249769E+01
  7.795766537843166E+07   5.040000000000000E+02   2.244994432064365E+01
  7.795766637843166E+07   5.620000000000000E+02   2.370653918225939E+01
  7.795766737843166E+07   5.480000000000000E+02   2.340939982143925E+01
  7.795766837843166E+07   6.230000000000000E+02   2.495996794869737E+01
  7.795766937843166E+07   5.520000000000000E+02   2.349468024894146E+01
  7.795767037843166E+07   4.690000000000000E+02   2.165640782770771E+01
  7.795767137843166E+07   4.140000000000000E+02   2.034698994937580E+01
  7.795767237843166E+07   4.290000000000000E+02   2.071231517720798E+01
  7.795767337843166E+07   4.570000000000000E+02   2.137755832643195E+01
  7.795767437843166E+07   4.340000000000000E+02   2.083266665599966E+01
  7.795767537843166E+07   4.580000000000000E+02   2.140093455903270E+01
  7.795767637843166E+07   4.620000000000000E+02   2.149418526020468E+01
  7.795767737843166E+07   4.630000000000000E+02   2.151743479135001E+01
  7.795767837843166E+07   5.030000000000000E+02   2.242766149200580E+01
  7.795767937843166E+07   4.330000000000000E+02   2.080865204668481E+01
  7.795768037843166E+07   4.500000000000000E+02   2.121320343559643E+01
  7.795768137843166E+07   4.350000000000000E+02   2.085665361461421E+01
  7.795768237843166E+07   4.470000000000000E+02   2.114237451186597E+01
  7.795768337843166E+07   4.460000000000000E+02   2.111871208194287E+01
  7.795768437843166E+07   4.110000000000000E+02   2.027313493271329E+01
  7.795768537843166E+07   4.330000000000000E+02   2.080865204668481E+01
  7.795768637843166E+07   4.090000000000000E+02   2.022374841615668E+01
  7.795768737843166E+07   4.480000000000000E+02   2.116601048851673E+01
  7.795768837843166E+07   4.970000000000000E+02   2.229349680960796E+01
  7.795768937843166E+07   4.390000000000000E+02   2.095232683975696E+01
  7.795769037843166E+07   4.480000000000000E+02   2.116601048851673E+01
  7.795769137843166E+07   4.110000000000000E+02   2.027313493271329E+01
  7.795769237843166E+07   3.810000000000000E+02   1.951922129594314E+01
  7.795769337843166E+07   3.990000000000000E+02   1.997498435543818E+01
  7.795769437843166E+07   4.260000000000000E+02   2.063976744055029E+01
  7.795769537843166E+07   4.010000000000000E+02   2.002498439450079E+01
  7.795769637843166E+07   3.520000000000000E+02   1.876166303929372E+01
  7.795769737843166E+07   4.010000000000000E+02   2.002498439450079E+01
  7.795769837843166E+07   3.410000000000000E+02   1.846618531261939E+01
  7.795769937843166E+07   3.960000000000000E+02   1.989974874213240E+01
  7.795770037843166E+07   3.670000000000000E+02   1.915724406066802E+01
  7.795770137843166E+07   3.780000000000000E+02   1.944222209522358E+01
  7.795770237843166E+07   3.890000000000000E+02   1.972308292331602E+01
  7.795770337843166E+07   3.270000000000000E+02   1.808314132002512E+01
  7.795770437843166E+07   3.840000000000000E+02   1.959591794226542E+01
  7.795770537843166E+07   3.290000000000000E+02   1.813835714721705E+01
  7.795770637843166E+07   3.580000000000000E+02   1.892088792842450E+01
  7.795770737843166E+07   3.960000000000000E+02   1.989974874213240E+01
  7.795770837843166E+07   3.320000000000000E+02   1.822086715828860E+01
  7.795770937843166E+07   3.480000000000000E+02   1.865475810617763E+01
  7.795771037843166E+07   3.660000000000000E+02   1.913112646970899E+01
  7.795771137843166E+07   3.350000000000000E+02   1.830300521772313E+01
  7.795771237843166E+07   3.460000000000000E+02   1.860107523773828E+01
  7.795771337843166E+07   3.380000000000000E+02   1.838477631085023E+01
  7.795771437843166E+07   3.670000000000000E+02   1.915724406066802E+01
  7.795771537843166E+07   3.490000000000000E+02   1.868154169226941E+01
  7.795771637843166E+07   3.860000000000000E+02   1.964688270438850E+01
  7.795771737843166E+07   3.620000000000000E+02   1.902629759044045E+01
  7.795771837843166E+07   3.800000000000000E+02   1.949358868961793E+01
  7.795771937843166E+07   3.890000000000000E+02   1.972308292331602E+01
  7.795772037843166E+07   3.790000000000000E+02   1.946792233393179E+01
  7.795772137843166E+07   3.560000000000000E+02   1.886796226411321E+01
  7.795772237843166E+07   3.230000000000000E+02   1.797220075561143E+01
  7.795772337843166E+07   3.400000000000000E+02   1.843908891458577E+01
  7.795772437843166E+07   3.230000000000000E+02   1.797220075561143E+01
  7.795772537843166E+07   3.570000000000000E+02   1.889444362769119E+01
  7.795772637843166E+07   3.620000000000000E+02   1.902629759044045E+01
  7.795772737843166E+07   3.680000000000000E+02   1.918332609325088E+01
  7.795772837843166E+07   3.800000000000000E+02   1.949358868961793E+01
  7.795772937843166E+07   3.690000000000000E+02   1.920937271229855E+01
  7.795773037843166E+07   3.250000000000000E+02   1.802775637731995E+01
  7.795773137843166E+07   3.020000000000000E+02   1.737814719698277E+01
  7.795773237843166E+07   3.280000000000000E+02   1.811077027627483E+01
  7.795773337843166E+07   3.360000000000000E+02   1.833030277982336E+01
  7.795773437843166E+07   3.360000000000000E+02   1.833030277982336E+01
  7.795773537843166E+07   3.520000000000000E+02   1.876166303929372E+01
  7.795773637843166E+07   3.180000000000000E+02   1.783255450012701E+01
  7.795773737843166E+07   3.640000000000000E+02   1.907878402833891E+01
  7.795773837843166E+07   3.350000000000000E+02   1.830300521772313E+01
  7.795773937843166E+07   3.230000000000000E+02   1.797220075561143E+01
  7.795774037843166E+07   3.600000000000000E+02   1.897366596101028E+01
  7.795774137843166E+07   3.540000000000000E+02   1.881488772222678E+01
  7.795774237843166E+07   3.060000000000000E+02   1.749285568453590E+01
  7.795774337843166E+07   3.800000000000000E+02   1.949358868961793E+01
  7.795774437843166E+07   3.570000000000000E+02   1.889444362769119E+01
  7.795774537843166E+07   3.330000000000000E+02   1.824828759089466E+01
  7.795774637843166E+07   3.170000000000000E+02   1.780449381476486E+01
  7.795774737843166E+07   3.260000000000000E+02   1.805547008526779E+01
  7.795774837843166E+07   3.730000000000000E+02   1.931320791582797E+01
  7.795774937843166E+07   3.520000000000000E+02   1.876166303929372E+01
  7.795775037843166E+07   3.720000000000000E+02   1.928730152198591E+01
  7.795775137843166E+07   3.810000000000000E+02   1.951922129594314E+01
  7.795775237843166E+07   3.630000000000000E+02   1.905255888325765E+01
  7.795775337843166E+07   3.590000000000000E+02   1.894729532149642E+01
  7.795775437843166E+07   3.780000000000000E+02   1.944222209522358E+01
  7.795775537843166E+07   3.710000000000000E+02   1.926136028425822E+01
  7.795775637843166E+07   3.690000000000000E+02   1.920937271229855E+01
  7.795775737843166E+07   4.030000000000000E+02   2.007485989988473E+01
  7.795775837843166E+07   3.440000000000000E+02   1.854723699099141E+01
  7.795775937843166E+07   3.610000000000000E+02   1.900000000000000E+01
  7.795776037843166E+07   3.640000000000000E+02   1.907878402833891E+01
  7.795776137843166E+07   3.560000000000000E+02   1.886796226411321E+01
  7.795776237843166E+07   3.710000000000000E+02   1.926136028425822E+01
  7.795776337843166E+07   3.930000000000000E+02   1.982422760159901E+01
  7.795776437843166E+07   3.660000000000000E+02   1.913112646970899E+01
  7.795776537843166E+07   3.360000000000000E+02   1.833030277982336E+01
  7.795776637843166E+07   3.670000000000000E+02   1.915724406066802E+01
  7.795776737843166E+07   3.710000000000000E+02   1.926136028425822E+01
  7.795776837843166E+07   3.590000000000000E+02   1.894729532149642E+01
  7.795776937843166E+07   3.530000000000000E+02   1.878829422805594E+01
  7.795777037843166E+07   3.860000000000000E+02   1.964688270438850E+01
  7.795777137843166E+07   3.740000000000000E+02   1.933907960581372E+01
  7.795777237843166E+07   3.590000000000000E+02   1.894729532149642E+01
  7.795777337843166E+07   3.870000000000000E+02   1.967231557290600E+01
  7.795777437843166E+07   3.890000000000000E+02   1.972308292331602E+01
  7.795777537843166E+07   3.880000000000000E+02   1.969771560359221E+01
  7.795777637843166E+07   3.720000000000000E+02   1.928730152198591E+01
  7.795777737843166E+07   4.150000000000000E+02   2.037154878746336E+01
  7.795777837843166E+07   4.550000000000000E+02   2.133072900770154E+01
  7.795777937843166E+07   4.290000000000000E+02   2.071231517720798E+01
  7.795778037843166E+07   3.620000000000000E+02   1.902629759044045E+01
  7.795778137843166E+07   4.380000000000000E+02   2.092844953645635E+01
  7.795778237843166E+07   4.920000000000000E+02   2.218107301281884E+01
  7.795778337843166E+07   4.010000000000000E+02   2.002498439450079E+01
  7.795778437843166E+07   4.220000000000000E+02   2.054263858417414E+01
  7.795778537843166E+07   5.180000000000000E+02   2.275961335348208E+01
  7.795778637843166E+07   4.840000000000000E+02   2.200000000000000E+01
  7.795778737843166E+07   5.260000000000000E+02   2.293468988235943E+01
  7.795778837843166E+07   4.430000000000000E+02   2.104756517984919E+01
  7.795778937843166E+07   5.010000000000000E+02   2.238302928559939E+01
  7.795779037843166E+07   4.450000000000000E+02   2.109502310972899E+01
  7.795779137843166E+07   5.390000000000000E+02   2.321637353248780E+01
  7.795779237843166E+07   5.200000000000000E+02   2.280350850198276E+01
  7.795779337843166E+07   4.910000000000000E+02   2.215851980616034E+01
  7.795779437843166E+07   5.030000000000000E+02   2.242766149200580E+01
  7.795779537843166E+07   4.890000000000000E+02   2.211334438749598E+01
  7.795779637843166E+07   5.190000000000000E+02   2.278157149978903E+01
  7.795779737843166E+07   5.520000000000000E+02   2.349468024894146E+01
  7.795779837843166E+07   5.140000000000000E+02   2.267156809750927E+01
  7.795779937843166E+07   4.760000000000000E+02   2.181742422927143E+01
  7.795780037843166E+07   4.790000000000000E+02   2.188606862823929E+01
  7.795780137843166E+07   5.320000000000000E+02   2.306512518934159E+01
  7.795780237843166E+07   4.860000000000000E+02   2.204540768504860E+01
  7.795780337843166E+07   5.630000000000000E+02   2.372762103540935E+01
  7.795780437843166E+07   5.100000000000000E+02   2.258317958127243E+01
  7.795780537843166E+07   5.380000000000000E+02   2.319482700948640E+01
  7.795780637843166E+07   4.620000000000000E+02   2.149418526020468E+01
  7.795780737843166E+07   4.730000000000000E+02   2.174856317093155E+01
  7.795780837843166E+07   5.200000000000000E+02   2.280350850198276E+01
  7.795780937843166E+07   4.810000000000000E+02   2.193171219946131E+01
  7.795781037843166E+07   4.290000000000000E+02   2.071231517720798E+01
  7.795781137843166E+07   4.330000000000000E+02   2.080865204668481E+01
  7.795781237843166E+07   4.640000000000000E+02   2.154065922853801E+01
  7.795781337843166E+07   4.800000000000000E+02   2.190890230020664E+01
  7.795781437843166E+07   4.780000000000000E+02   2.186321110907545E+01
  7.795781537843166E+07   5.470000000000000E+02   2.338803112705300E+01
  7.795781637843166E+07   4.570000000000000E+02   2.137755832643195E+01
  7.795781737843166E+07   4.190000000000000E+02   2.046948949045872E+01
  7.795781837843166E+07   4.910000000000000E+02   2.215851980616034E+01
  7.795781937843166E+07   4.370000000000000E+02   2.090454496036687E+01
  7.795782037843166E+07   5.890000000000000E+02   2.426932219902319E+01
  7.795782137843166E+07   4.880000000000000E+02   2.209072203437452E+01
  7.795782237843166E+07   4.980000000000000E+02   2.231591360442140E+01
  7.795782337843166E+07   4.760000000000000E+02   2.181742422927143E+01
  7.795782437843166E+07   4.480000000000000E+02   2.116601048851673E+01
  7.795782537843166E+07   5.190000000000000E+02   2.278157149978903E+01
  7.795782637843166E+07   4.820000000000000E+02   2.195449840010015E+01
  7.795782737843166E+07   4.480000000000000E+02   2.116601048851673E+01
  7.795782837843166E+07   4.440000000000000E+02   2.107130750570548E+01
  7.795782937843166E+07   4.700000000000000E+02   2.167948338867880E+01
  7.795783037843166E+07   4.810000000000000E+02   2.193171219946131E+01
  7.795783137843166E+07   5.530000000000000E+02   2.351595203260969E+01
  7.795783237843166E+07   5.370000000000000E+02   2.317326045251293E+01
  7.795783337843166E+07   5.020000000000000E+02   2.240535650240808E+01
  7.795783437843166E+07   5.530000000000000E+02   2.351595203260969E+01
  7.795783537843166E+07   4.760000000000000E+02   2.181742422927143E+01
  7.795783637843166E+07   4.160000000000000E+02   2.039607805437114E+01
  7.795783737843166E+07   5.990000000000000E+02   2.447447650104083E+01
  7.795783837843166E+07   5.310000000000000E+02   2.304343724360583E+01
  7.795783937843166E+07   5.120000000000000E+02   2.262741699796952E+01
  7.795784037843166E+07   5.980000000000000E+02   2.445403852127497E+01
  7.795784137843166E+07   4.990000000000000E+02   2.233830790368868E+01
  7.795784237843166E+07   5.970000000000000E+02   2.443358344574123E+01
  7.795784337843166E+07   5.570000000000000E+02   2.360084744241189E+01
  7.795784437843166E+07   5.250000000000000E+02   2.291287847477920E+01
  7.795784537843166E+07   4.760000000000000E+02   2.181742422927143E+01
  7.795784637843166E+07   4.930000000000000E+02   2.220360331117452E+01
  7.795784737843166E+07   4.620000000000000E+02   2.149418526020468E+01
  7.795784837843166E+07   4.390000000000000E+02   2.095232683975696E+01
  7.795784937843166E+07   4.830000000000000E+02   2.197726097583591E+01
  7.795785037843166E+07   4.700000000000000E+02   2.167948338867880E+01
  7.795785137843166E+07   4.610000000000000E+02   2.147091055358389E+01
  7.795785237843166E+07   4.970000000000000E+02   2.229349680960796E+01
  7.795785337843166E+07   4.590000000000000E+02   2.142428528562855E+01
  7.795785437843166E+07   4.080000000000000E+02   2.019900987672415E+01
  7.795785537843166E+07   4.190000000000000E+02   2.046948949045872E+01
  7.795785637843166E+07   4.720000000000000E+02   2.172556098240043E+01
  7.795785737843166E+07   4.390000000000000E+02   2.095232683975696E+01
  7.795785837843166E+07   4.010000000000000E+02   2.002498439450079E+01
  7.795785937843166E+07   3.930000000000000E+02   1.982422760159901E+01
  7.795786037843166E+07   4.300000000000000E+02   2.073644135332772E+01
  7.795786137843166E+07   4.120000000000000E+02   2.029778313018444E+01
  7.795786237843166E+07   5.040000000000000E+02   2.244994432064365E+01
  7.795786337843166E+07   5.080000000000000E+02   2.253885533916929E+01
  7.795786437843166E+07   4.660000000000000E+02   2.158703314492290E+01
  7.795786537843166E+07   5.000000000000000E+02   2.236067977499790E+01
  7.795786637843166E+07   5.090000000000000E+02   2.256102834535696E+01
  7.795786737843166E+07   4.700000000000000E+02   2.167948338867880E+01
  7.795786837843166E+07   4.020000000000000E+02   2.004993765576342E+01
  7.795786937843166E+07   3.740000000000000E+02   1.933907960581372E+01
  7.795787037843166E+07   3.430000000000000E+02   1.852025917745214E+01
  7.795787137843166E+07   3.430000000000000E+02   1.852025917745214E+01
  7.795787237843166E+07   3.590000000000000E+02   1.894729532149642E+01
  7.795787337843166E+07   4.200000000000000E+02   2.049390153191920E+01
  7.795787437843166E+07   3.980000000000000E+02   1.994993734326000E+01
  7.795787537843166E+07   3.870000000000000E+02   1.967231557290600E+01
  7.795787637843166E+07   3.880000000000000E+02   1.969771560359221E+01
  7.795787737843166E+07   3.780000000000000E+02   1.944222209522358E+01
  7.795787837843166E+07   3.730000000000000E+02   1.931320791582797E+01
  7.795787937843166E+07   3.600000000000000E+02   1.897366596101028E+01
  7.795788037843166E+07   3.510000000000000E+02   1.873499399519519E+01
  7.795788137843166E+07   3.190000000000000E+02   1.786057109949175E+01
  7.795788237843166E+07   3.750000000000000E+02   1.936491673103708E+01
  7.795788337843166E+07   3.550000000000000E+02   1.884144368141677E+01
  7.795788437843166E+07   3.810000000000000E+02   1.951922129594314E+01
  7.795788537843166E+07   3.480000000000000E+02   1.865475810617763E+01
  7.795788637843166E+07   3.510000000000000E+02   1.873499399519519E+01
  7.795788737843166E+07   3.510000000000000E+02   1.873499399519519E+01
  7.795788837843166E+07   3.630000000000000E+02   1.905255888325765E+01
  7.795788937843166E+07   3.280000000000000E+02   1.811077027627483E+01
  7.795789037843166E+07   3.790000000000000E+02   1.946792233393179E+01
  7.795789137843166E+07   3.920000000000000E+02   1.979898987322333E+01
  7.795789237843166E+07   3.450000000000000E+02   1.857417562100671E+01
  7.795789337843166E+07   3.390000000000000E+02   1.841195263952197E+01
  7.795789437843166E+07   3.700000000000000E+02   1.923538406167134E+01
  7.795789537843166E+07   3.380000000000000E+02   1.838477631085023E+01
  7.795789637843166E+07   3.590000000000000E+02   1.894729532149642E+01
  7.795789737843166E+07   3.610000000000000E+02   1.900000000000000E+01
  7.795789837843166E+07   3.410000000000000E+02   1.846618531261939E+01
  7.795789937843166E+07   3.270000000000000E+02   1.808314132002512E+01
  7.795790037843166E+07   3.550000000000000E+02   1.884144368141677E+01
  7.795790137843166E+07   3.540000000000000E+02   1.881488772222678E+01
  7.795790237843166E+07   3.400000000000000E+02   1.843908891458577E+01
  7.795790337843166E+07   3.470000000000000E+02   1.862793601019716E+01
  7.795790437843166E+07   3.360000000000000E+02   1.833030277982336E+01
  7.795790537843166E+07   3.330000000000000E+02   1.824828759089466E+01
  7.795790637843166E+07   3.050000000000000E+02   1.746424919657298E+01
  7.795790737843166E+07   3.420000000000000E+02   1.849324200890693E+01
  7.795790837843166E+07   3.200000000000000E+02   1.788854381999832E+01
  7.795790937843166E+07   3.200000000000000E+02   1.788854381999832E+01
  7.795791037843166E+07   3.270000000000000E+02   1.808314132002512E+01
  7.795791137843166E+07   3.400000000000000E+02   1.843908891458577E+01
  7.795791237843166E+07   3.420000000000000E+02   1.849324200890693E+01
  7.795791337843166E+07   3.200000000000000E+02   1.788854381999832E+01
  7.795791437843166E+07   3.860000000000000E+02   1.964688270438850E+01
  7.795791537843166E+07   3.510000000000000E+02   1.873499399519519E+01
  7.795791637843166E+07   3.420000000000000E+02   1.849324200890693E+01
  7.795791737843166E+07   3.250000000000000E+02   1.802775637731995E+01
  7.795791837843166E+07   3.330000000000000E+02   1.824828759089466E+01
  7.795791937843166E+07   3.760000000000000E+02   1.939071942966532E+01
  7.795792037843166E+07   3.450000000000000E+02   1.857417562100671E+01
  7.795792137843166E+07   3.190000000000000E+02   1.786057109949175E+01
  7.795792237843166E+07   3.450000000000000E+02   1.857417562100671E+01
  7.795792337843166E+07   3.500000000000000E+02   1.870828693386971E+01
  7.795792437843166E+07   3.490000000000000E+02   1.868154169226941E+01
  7.795792537843166E+07   3.700000000000000E+02   1.923538406167134E+01
  7.795792637843166E+07   3.300000000000000E+02   1.816590212458495E+01
  7.795792737843166E+07   3.540000000000000E+02   1.881488772222678E+01
  7.795792837843166E+07   3.700000000000000E+02   1.923538406167134E+01
  7.795792937843166E+07   3.850000000000000E+02   1.962141687034858E+01
  7.795793037843166E+07   3.510000000000000E+02   1.873499399519519E+01
  7.795793137843166E+07   4.420000000000000E+02   2.102379604162864E+01
  7.795793237843166E+07   3.910000000000000E+02   1.977371993328519E+01
  7.795793337843166E+07   4.250000000000000E+02   2.061552812808830E+01
  7.795793437843166E+07   4.170000000000000E+02   2.042057785666214E+01
  7.795793537843166E+07   4.050000000000000E+02   2.012461179749811E+01
  7.795793637843166E+07   3.780000000000000E+02   1.944222209522358E+01
  7.795793737843166E+07   3.930000000000000E+02   1.982422760159901E+01
  7.795793837843166E+07   3.650000000000000E+02   1.910497317454280E+01
  7.795793937843166E+07   3.980000000000000E+02   1.994993734326000E+01
  7.795794037843166E+07   3.900000000000000E+02   1.974841765813150E+01
  7.795794137843166E+07   4.010000000000000E+02   2.002498439450079E+01
  7.795794237843166E+07   3.730000000000000E+02   1.931320791582797E+01
  7.795794337843166E+07   4.030000000000000E+02   2.007485989988473E+01
  7.795794437843166E+07   3.870000000000000E+02   1.967231557290600E+01
  7.795794537843166E+07   3.850000000000000E+02   1.962141687034858E+01
  7.795794637843166E+07   4.230000000000000E+02   2.056696380120313E+01
  7.795794737843166E+07   4.250000000000000E+02   2.061552812808830E+01
  7.795794837843166E+07   3.860000000000000E+02   1.964688270438850E+01
  7.795794937843166E+07   4.160000000000000E+02   2.039607805437114E+01
  7.795795037843166E+07   4.210000000000000E+02   2.051828452868319E+01
  7.795795137843166E+07   4.200000000000000E+02   2.049390153191920E+01
  7.795795237843166E+07   4.990000000000000E+02   2.233830790368868E+01
  7.795795337843166E+07   5.050000000000000E+02   2.247220505424423E+01
  7.795795437843166E+07   4.910000000000000E+02   2.215851980616034E+01
  7.795795537843166E+07   4.770000000000000E+02   2.184032966784156E+01
  7.795795637843166E+07   5.000000000000000E+02   2.236067977499790E+01
  7.795795737843166E+07   4.910000000000000E+02   2.215851980616034E+01
  7.795795837843166E+07   5.270000000000000E+02   2.295648056649799E+01
  7.795795937843166E+07   4.900000000000000E+02   2.213594362117865E+01
  7.795796037843166E+07   4.960000000000000E+02   2.227105745132009E+01
  7.795796137843166E+07   3.900000000000000E+02   1.974841765813150E+01
  7.795796237843166E+07   4.310000000000000E+02   2.076053949202669E+01
  7.795796337843166E+07   4.550000000000000E+02   2.133072900770154E+01
  7.795796437843166E+07   4.790000000000000E+02   2.188606862823929E+01
  7.795796537843166E+07   5.010000000000000E+02   2.238302928559939E+01
  7.795796637843166E+07   4.390000000000000E+02   2.095232683975696E+01
  7.795796737843166E+07   4.510000000000000E+02   2.123676058159530E+01
  7.795796837843166E+07   4.700000000000000E+02   2.167948338867880E+01
  7.795796937843166E+07   5.760000000000000E+02   2.400000000000000E+01
  7.795797037843166E+07   5.550000000000000E+02   2.355843797877949E+01
  7.795797137843166E+07   5.700000000000000E+02   2.387467277262665E+01
  7.795797237843166E+07   6.450000000000000E+02   2.539685019840059E+01
  7.795797337843166E+07   6.560000000000000E+02   2.561249694973139E+01
  7.795797437843166E+07   5.850000000000000E+02   2.418677324489565E+01
  7.795797537843166E+07   5.700000000000000E+02   2.387467277262665E+01
  7.795797637843166E+07   5.350000000000000E+02   2.313006701244075E+01
  7.795797737843166E+07   5.620000000000000E+02   2.370653918225939E+01
  7.795797837843166E+07   5.950000000000000E+02   2.439262183530094E+01
  7.795797937843166E+07   5.160000000000000E+02   2.271563338320109E+01
  7.795798037843166E+07   5.080000000000000E+02   2.253885533916929E+01
  7.795798137843166E+07   5.730000000000000E+02   2.393741840717165E+01
  7.795798237843166E+07   4.870000000000000E+02   2.206807649071391E+01
  7.795798337843166E+07   4.910000000000000E+02   2.215851980616034E+01
  7.795798437843166E+07   4.580000000000000E+02   2.140093455903270E+01
  7.795798537843166E+07   4.670000000000000E+02   2.161018278497431E+01
  7.795798637843166E+07   4.720000000000000E+02   2.172556098240043E+01
  7.795798737843166E+07   4.560000000000000E+02   2.135415650406262E+01
  7.795798837843166E+07   4.700000000000000E+02   2.167948338867880E+01
  7.795798937843166E+07   4.730000000000000E+02   2.174856317093155E+01
  7.795799037843166E+07   4.790000000000000E+02   2.188606862823929E+01
  7.795799137843166E+07   4.570000000000000E+02   2.137755832643195E+01
  7.795799237843166E+07   4.130000000000000E+02   2.032240143290158E+01
  7.795799337843166E+07   4.080000000000000E+02   2.019900987672415E+01
  7.795799437843166E+07   4.440000000000000E+02   2.107130750570548E+01
  7.795799537843166E+07   4.530000000000000E+02   2.128379665379276E+01
  7.795799637843166E+07   4.270000000000000E+02   2.066397831977183E+01
  7.795799737843166E+07   3.940000000000000E+02   1.984943324127921E+01
  7.795799837843166E+07   4.440000000000000E+02   2.107130750570548E+01
  7.795799937843166E+07   4.110000000000000E+02   2.027313493271329E+01
  7.795800037843166E+07   4.500000000000000E+02   2.121320343559643E+01
  7.795800137843166E+07   4.070000000000000E+02   2.017424100183202E+01
  7.795800237843166E+07   3.560000000000000E+02   1.886796226411321E+01
  7.795800337843166E+07   3.350000000000000E+02   1.830300521772313E+01
  7.795800437843166E+07   3.610000000000000E+02   1.900000000000000E+01
  7.795800537843166E+07   4.330000000000000E+02   2.080865204668481E+01
  7.795800637843166E+07   3.710000000000000E+02   1.926136028425822E+01
  7.795800737843166E+07   3.960000000000000E+02   1.989974874213240E+01
  7.795800837843166E+07   4.120000000000000E+02   2.029778313018444E+01
  7.795800937843166E+07   3.950000000000000E+02   1.987460691435179E+01
  7.795801037843166E+07   4.300000000000000E+02   2.073644135332772E+01
  7.795801137843166E+07   4.070000000000000E+02   2.017424100183202E+01
  7.795801237843166E+07   4.150000000000000E+02   2.037154878746336E+01
  7.795801337843166E+07   4.970000000000000E+02   2.229349680960796E+01
  7.795801437843166E+07   4.320000000000000E+02   2.078460969082653E+01
  7.795801537843166E+07   4.390000000000000E+02   2.095232683975696E+01
  7.795801637843166E+07   4.110000000000000E+02   2.027313493271329E+01
  7.795801737843166E+07   4.510000000000000E+02   2.123676058159530E+01
  7.795801837843166E+07   4.860000000000000E+02   2.204540768504860E+01
  7.795801937843166E+07   4.870000000000000E+02   2.206807649071391E+01
  7.795802037843166E+07   4.710000000000000E+02   2.170253441421071E+01
  7.795802137843166E+07   5.130000000000000E+02   2.264950330581225E+01
  7.795802237843166E+07   4.480000000000000E+02   2.116601048851673E+01
  7.795802337843166E+07   5.200000000000000E+02   2.280350850198276E+01
  7.795802437843166E+07   4.170000000000000E+02   2.042057785666214E+01
  7.795802537843166E+07   4.660000000000000E+02   2.158703314492290E+01
  7.795802637843166E+07   4.550000000000000E+02   2.133072900770154E+01
  7.795802737843166E+07   4.440000000000000E+02   2.107130750570548E+01
  7.795802837843166E+07   4.450000000000000E+02   2.109502310972899E+01
  7.795802937843166E+07   5.040000000000000E+02   2.244994432064365E+01
  7.795803037843166E+07   4.950000000000000E+02   2.224859546128699E+01
  7.795803137843166E+07   4.260000000000000E+02   2.063976744055029E+01
  7.795803237843166E+07   4.790000000000000E+02   2.188606862823929E+01
  7.795803337843166E+07   4.520000000000000E+02   2.126029162546930E+01
  7.795803437843166E+07   5.890000000000000E+02   2.426932219902319E+01
  7.795803537843166E+07   4.760000000000000E+02   2.181742422927143E+01
  7.795803637843166E+07   7.420000000000000E+02   2.723967694375247E+01
  7.795803737843166E+07   5.660000000000000E+02   2.379075450674064E+01
  7.795803837843166E+07   5.180000000000000E+02   2.275961335348208E+01
  7.795803937843166E+07   4.730000000000000E+02   2.174856317093155E+01
  7.795804037843166E+07   3.970000000000000E+02   1.992485884517128E+01
  7.795804137843166E+07   4.860000000000000E+02   2.204540768504860E+01
  7.795804237843166E+07   5.270000000000000E+02   2.295648056649799E+01
  7.795804337843166E+07   4.790000000000000E+02   2.188606862823929E+01
  7.795804437843166E+07   4.390000000000000E+02   2.095232683975696E+01
  7.795804537843166E+07   4.050000000000000E+02   2.012461179749811E+01
  7.795804637843166E+07   4.110000000000000E+02   2.027313493271329E+01
  7.795804737843166E+07   4.050000000000000E+02   2.012461179749811E+01
  7.795804837843166E+07   4.180000000000000E+02   2.044504830026087E+01
  7.795804937843166E+07   4.480000000000000E+02   2.116601048851673E+01
  7.795805037843166E+07   4.400000000000000E+02   2.097617696340303E+01
  7.795805137843166E+07   4.070000000000000E+02   2.017424100183202E+01
  7.795805237843166E+07   4.160000000000000E+02   2.039607805437114E+01
  7.795805337843166E+07   4.190000000000000E+02   2.046948949045872E+01
  7.795805437843166E+07   4.440000000000000E+02   2.107130750570548E+01
  7.795805537843166E+07   4.110000000000000E+02   2.027313493271329E+01
  7.795805637843166E+07   4.200000000000000E+02   2.049390153191920E+01
  7.795805737843166E+07   3.860000000000000E+02   1.964688270438850E+01
  7.795805837843166E+07   3.820000000000000E+02   1.954482028569207E+01
  7.795805937843166E+07   3.700000000000000E+02   1.923538406167134E+01
  7.795806037843166E+07   3.810000000000000E+02   1.951922129594314E+01
  7.795806137843166E+07   4.120000000000000E+02   2.029778313018444E+01
  7.795806237843166E+07   3.970000000000000E+02   1.992485884517128E+01
  7.795806337843166E+07   3.630000000000000E+02   1.905255888325765E+01
  7.795806437843166E+07   4.010000000000000E+02   2.002498439450079E+01
  7.795806537843166E+07   3.720000000000000E+02   1.928730152198591E+01
  7.795806637843166E+07   3.630000000000000E+02   1.905255888325765E+01
  7.795806737843166E+07   3.640000000000000E+02   1.907878402833891E+01
  7.795806837843166E+07   4.100000000000000E+02   2.024845673131659E+01
  7.795806937843166E+07   3.600000000000000E+02   1.897366596101028E+01
  7.795807037843166E+07   3.710000000000000E+02   1.926136028425822E+01
  7.795807137843166E+07   3.670000000000000E+02   1.915724406066802E+01
  7.795807237843166E+07   3.750000000000000E+02   1.936491673103708E+01
  7.795807337843166E+07   3.700000000000000E+02   1.923538406167134E+01
  7.795807437843166E+07   3.640000000000000E+02   1.907878402833891E+01
  7.795807537843166E+07   3.700000000000000E+02   1.923538406167134E+01
  7.795807637843166E+07   3.130000000000000E+02   1.769180601295413E+01
  7.795807737843166E+07   3.590000000000000E+02   1.894729532149642E+01
  7.795807837843166E+07   3.650000000000000E+02   1.910497317454280E+01
  7.795807937843166E+07   3.320000000000000E+02   1.822086715828860E+01
  7.795808037843166E+07   3.480000000000000E+02   1.865475810617763E+01
  7.795808137843166E+07   3.460000000000000E+02   1.860107523773828E+01
  7.795808237843166E+07   3.350000000000000E+02   1.830300521772313E+01
  7.795808337843166E+07   3.350000000000000E+02   1.830300521772313E+01
  7.795808437843166E+07   3.230000000000000E+02   1.797220075561143E+01
  7.795808537843166E+07   3.710000000000000E+02   1.926136028425822E+01
  7.795808637843166E+07   3.650000000000000E+02   1.910497317454280E+01
  7.795808737843166E+07   3.180000000000000E+02   1.783255450012701E+01
  7.795808837843166E+07   3.350000000000000E+02   1.830300521772313E+01
  7.795808937843166E+07   3.450000000000000E+02   1.857417562100671E+01
  7.795809037843166E+07   3.220000000000000E+02   1.794435844492636E+01
  7.795809137843166E+07   3.500000000000000E+02   1.870828693386971E+01
  7.795809237843166E+07   3.250000000000000E+02   1.802775637731995E+01
  7.795809337843166E+07   3.540000000000000E+02   1.881488772222678E+01
  7.795809437843166E+07   3.660000000000000E+02   1.913112646970899E+01
  7.795809537843166E+07   3.590000000000000E+02   1.894729532149642E+01
  7.795809637843166E+07   3.540000000000000E+02   1.881488772222678E+01
  7.795809737843166E+07   3.200000000000000E+02   1.788854381999832E+01
  7.795809837843166E+07   3.720000000000000E+02   1.928730152198591E+01
  7.795809937843166E+07   3.430000000000000E+02   1.852025917745214E+01
  7.795810037843166E+07   3.380000000000000E+02   1.838477631085023E+01
  7.795810137843166E+07   3.450000000000000E+02   1.857417562100671E+01
  7.795810237843166E+07   3.370000000000000E+02   1.835755975068582E+01
  7.795810337843166E+07   3.530000000000000E+02   1.878829422805594E+01
  7.795810437843166E+07   3.250000000000000E+02   1.802775637731995E+01
  7.795810537843166E+07   3.500000000000000E+02   1.870828693386971E+01
  7.795810637843166E+07   3.700000000000000E+02   1.923538406167134E+01
  7.795810737843166E+07   3.570000000000000E+02   1.889444362769119E+01
  7.795810837843166E+07   3.760000000000000E+02   1.939071942966532E+01
  7.795810937843166E+07   3.950000000000000E+02   1.987460691435179E+01
  7.795811037843166E+07   3.590000000000000E+02   1.894729532149642E+01
  7.795811137843166E+07   3.220000000000000E+02   1.794435844492636E+01
  7.795811237843166E+07   4.390000000000000E+02   2.095232683975696E+01
  7.795811337843166E+07   3.860000000000000E+02   1.964688270438850E+01
  7.795811437843166E+07   3.880000000000000E+02   1.969771560359221E+01
  7.795811537843166E+07   4.270000000000000E+02   2.066397831977183E+01
  7.795811637843166E+07   3.930000000000000E+02   1.982422760159901E+01
  7.795811737843166E+07   3.550000000000000E+02   1.884144368141677E+01
  7.795811837843166E+07   3.700000000000000E+02   1.923538406167134E+01
  7.795811937843166E+07   3.920000000000000E+02   1.979898987322333E+01
  7.795812037843166E+07   3.940000000000000E+02   1.984943324127921E+01
  7.795812137843166E+07   4.230000000000000E+02   2.056696380120313E+01
  7.795812237843166E+07   3.830000000000000E+02   1.957038579078093E+01
  7.795812337843166E+07   4.160000000000000E+02   2.039607805437114E+01
  7.795812437843166E+07   4.860000000000000E+02   2.204540768504860E+01
  7.795812537843166E+07   4.370000000000000E+02   2.090454496036687E+01
  7.795812637843166E+07   4.760000000000000E+02   2.181742422927143E+01
  7.795812737843166E+07   4.390000000000000E+02   2.095232683975696E+01
  7.795812837843166E+07   4.630000000000000E+02   2.151743479135001E+01
  7.795812937843166E+07   4.860000000000000E+02   2.204540768504860E+01
  7.795813037843166E+07   4.530000000000000E+02   2.128379665379276E+01
  7.795813137843166E+07   5.230000000000000E+02   2.286919325205854E+01
  7.795813237843166E+07   5.140000000000000E+02   2.267156809750927E+01
  7.795813337843166E+07   4.810000000000000E+02   2.193171219946131E+01
  7.795813437843166E+07   5.060000000000000E+02   2.249444375840399E+01
  7.795813537843166E+07   5.160000000000000E+02   2.271563338320109E+01
  7.795813637843166E+07   5.220000000000000E+02   2.284731931759173E+01
  7.795813737843166E+07   5.670000000000000E+02   2.381176179958132E+01
  7.795813837843166E+07   4.860000000000000E+02   2.204540768504860E+01
  7.795813937843166E+07   4.930000000000000E+02   2.220360331117452E+01
  7.795814037843166E+07   4.660000000000000E+02   2.158703314492290E+01
  7.795814137843166E+07   5.080000000000000E+02   2.253885533916929E+01
  7.795814237843166E+07   4.060000000000000E+02   2.014944167960989E+01
  7.795814337843166E+07   4.830000000000000E+02   2.197726097583591E+01
  7.795814437843166E+07   4.770000000000000E+02   2.184032966784156E+01
  7.795814537843166E+07   5.810000000000000E+02   2.410394158638790E+01
  7.795814637843166E+07   4.410000000000000E+02   2.100000000000000E+01
  7.795814737843166E+07   3.970000000000000E+02   1.992485884517128E+01
  7.795814837843166E+07   4.350000000000000E+02   2.085665361461421E+01
  7.795814937843166E+07   4.610000000000000E+02   2.147091055358389E+01
  7.795815037843166E+07   4.470000000000000E+02   2.114237451186597E+01
  7.795815137843166E+07   5.020000000000000E+02   2.240535650240808E+01
  7.795815237843166E+07   4.940000000000000E+02   2.222611077089287E+01
  7.795815337843166E+07   4.310000000000000E+02   2.076053949202669E+01
  7.795815437843166E+07   4.580000000000000E+02   2.140093455903270E+01
  7.795815537843166E+07   4.410000000000000E+02   2.100000000000000E+01
  7.795815637843166E+07   4.550000000000000E+02   2.133072900770154E+01
  7.795815737843166E+07   5.550000000000000E+02   2.355843797877949E+01
  7.795815837843166E+07   5.720000000000000E+02   2.391652148620280E+01
  7.795815937843166E+07   4.700000000000000E+02   2.167948338867880E+01
  7.795816037843166E+07   5.590000000000000E+02   2.364318083507378E+01
  7.795816137843166E+07   6.000000000000000E+02   2.449489742783178E+01
  7.795816237843166E+07   5.840000000000000E+02   2.416609194718914E+01
  7.795816337843166E+07   5.400000000000000E+02   2.323790007724450E+01
  7.795816437843166E+07   4.930000000000000E+02   2.220360331117452E+01
  7.795816537843166E+07   4.880000000000000E+02   2.209072203437452E+01
  7.795816637843166E+07   4.830000000000000E+02   2.197726097583591E+01
  7.795816737843166E+07   4.430000000000000E+02   2.104756517984919E+01
  7.795816837843166E+07   5.230000000000000E+02   2.286919325205854E+01
  7.795816937843166E+07   5.050000000000000E+02   2.247220505424423E+01
  7.795817037843166E+07   4.780000000000000E+02   2.186321110907545E+01
  7.795817137843166E+07   4.330000000000000E+02   2.080865204668481E+01
  7.795817237843166E+07   4.150000000000000E+02   2.037154878746336E+01
  7.795817337843166E+07   4.290000000000000E+02   2.071231517720798E+01
  7.795817437843166E+07   4.510000000000000E+02   2.123676058159530E+01
  7.795817537843166E+07   4.160000000000000E+02   2.039607805437114E+01
  7.795817637843166E+07   4.670000000000000E+02   2.161018278497431E+01
  7.795817737843166E+07   4.070000000000000E+02   2.017424100183202E+01
  7.795817837843166E+07   4.020000000000000E+02   2.004993765576342E+01
  7.795817937843166E+07   4.150000000000000E+02   2.037154878746336E+01
  7.795818037843166E+07   4.000000000000000E+02   2.000000000000000E+01
  7.795818137843166E+07   4.060000000000000E+02   2.014944167960989E+01
  7.795818237843166E+07   4.500000000000000E+02   2.121320343559643E+01
  7.795818337843166E+07   4.740000000000000E+02   2.177154105707724E+01
  7.795818437843166E+07   4.700000000000000E+02   2.167948338867880E+01
  7.795818537843166E+07   3.870000000000000E+02   1.967231557290600E+01
  7.795818637843166E+07   5.360000000000000E+02   2.315167380558045E+01
  7.795818737843166E+07   4.700000000000000E+02   2.167948338867880E+01
  7.795818837843166E+07   5.000000000000000E+02   2.236067977499790E+01
  7.795818937843166E+07   4.950000000000000E+02   2.224859546128699E+01
  7.795819037843166E+07   5.610000000000000E+02   2.368543856465402E+01
  7.795819137843166E+07   5.600000000000000E+02   2.366431913239846E+01
  7.795819237843166E+07   4.720000000000000E+02   2.172556098240043E+01
  7.795819337843166E+07   4.880000000000000E+02   2.209072203437452E+01
  7.795819437843166E+07   4.990000000000000E+02   2.233830790368868E+01
  7.795819537843166E+07   4.710000000000000E+02   2.170253441421071E+01
  7.795819637843166E+07   5.440000000000000E+02   2.332380757938120E+01
  7.795819737843166E+07   5.530000000000000E+02   2.351595203260969E+01
  7.795819837843166E+07   5.760000000000000E+02   2.400000000000000E+01
  7.795819937843166E+07   5.370000000000000E+02   2.317326045251293E+01
  7.795820037843166E+07   4.640000000000000E+02   2.154065922853801E+01
  7.795820137843166E+07   4.950000000000000E+02   2.224859546128699E+01
  7.795820237843166E+07   4.640000000000000E+02   2.154065922853801E+01
  7.795820337843166E+07   4.530000000000000E+02   2.128379665379276E+01
  7.795820437843166E+07   4.740000000000000E+02   2.177154105707724E+01
  7.795820537843166E+07   5.210000000000000E+02   2.282542442102665E+01
  7.795820637843166E+07   4.990000000000000E+02   2.233830790368868E+01
  7.795820737843166E+07   4.150000000000000E+02   2.037154878746336E+01
  7.795820837843166E+07   4.900000000000000E+02   2.213594362117865E+01
  7.795820937843166E+07   4.360000000000000E+02   2.088061301782110E+01
  7.795821037843166E+07   4.370000000000000E+02   2.090454496036687E+01
  7.795821137843166E+07   4.390000000000000E+02   2.095232683975696E+01
  7.795821237843166E+07   4.250000000000000E+02   2.061552812808830E+01
  7.795821337843166E+07   4.090000000000000E+02   2.022374841615668E+01
  7.795821437843166E+07   4.450000000000000E+02   2.109502310972899E+01
  7.795821537843166E+07   4.010000000000000E+02   2.002498439450079E+01
  7.795821637843166E+07   3.510000000000000E+02   1.873499399519519E+01
  7.795821737843166E+07   4.370000000000000E+02   2.090454496036687E+01
  7.795821837843166E+07   3.720000000000000E+02   1.928730152198591E+01
  7.795821937843166E+07   4.150000000000000E+02   2.037154878746336E+01
  7.795822037843166E+07   3.890000000000000E+02   1.972308292331602E+01
  7.795822137843166E+07   3.640000000000000E+02   1.907878402833891E+01
  7.795822237843166E+07   3.800000000000000E+02   1.949358868961793E+01
  7.795822337843166E+07   3.810000000000000E+02   1.951922129594314E+01
  7.795822437843166E+07   3.900000000000000E+02   1.974841765813150E+01
  7.795822537843166E+07   4.030000000000000E+02   2.007485989988473E+01
  7.795822637843166E+07   4.040000000000000E+02   2.009975124224178E+01
  7.795822737843166E+07   4.090000000000000E+02   2.022374841615668E+01
  7.795822837843166E+07   3.370000000000000E+02   1.835755975068582E+01
  7.795822937843166E+07   3.400000000000000E+02   1.843908891458577E+01
  7.795823037843166E+07   3.780000000000000E+02   1.944222209522358E+01
  7.795823137843166E+07   3.670000000000000E+02   1.915724406066802E+01
  7.795823237843166E+07   3.450000000000000E+02   1.857417562100671E+01
  7.795823337843166E+07   3.620000000000000E+02   1.902629759044045E+01
  7.795823437843166E+07   3.400000000000000E+02   1.843908891458577E+01
  7.795823537843166E+07   3.540000000000000E+02   1.881488772222678E+01
  7.795823637843166E+07   3.280000000000000E+02   1.811077027627483E+01
  7.795823737843166E+07   3.440000000000000E+02   1.854723699099141E+01
  7.795823837843166E+07   3.670000000000000E+02   1.915724406066802E+01
  7.795823937843166E+07   3.850000000000000E+02   1.962141687034858E+01
  7.795824037843166E+07   3.850000000000000E+02   1.962141687034858E+01
  7.795824137843166E+07   3.560000000000000E+02   1.886796226411321E+01
  7.795824237843166E+07   3.230000000000000E+02   1.797220075561143E+01
  7.795824337843166E+07   3.360000000000000E+02   1.833030277982336E+01
  7.795824437843166E+07   3.620000000000000E+02   1.902629759044045E+01
  7.795824537843166E+07   3.360000000000000E+02   1.833030277982336E+01
  7.795824637843166E+07   3.650000000000000E+02   1.910497317454280E+01
  7.795824737843166E+07   3.260000000000000E+02   1.805547008526779E+01
  7.795824837843166E+07   3.410000000000000E+02   1.846618531261939E+01
  7.795824937843166E+07   3.410000000000000E+02   1.846618531261939E+01
  7.795825037843166E+07   3.280000000000000E+02   1.811077027627483E+01
  7.795825137843166E+07   3.340000000000000E+02   1.827566688249707E+01
  7.795825237843166E+07   3.180000000000000E+02   1.783255450012701E+01
  7.795825337843166E+07   3.110000000000000E+02   1.763519208854840E+01
  7.795825437843166E+07   3.500000000000000E+02   1.870828693386971E+01
  7.795825537843166E+07   3.270000000000000E+02   1.808314132002512E+01
  7.795825637843166E+07   3.420000000000000E+02   1.849324200890693E+01
  7.795825737843166E+07   3.300000000000000E+02   1.816590212458495E+01
  7.795825837843166E+07   3.410000000000000E+02   1.846618531261939E+01
  7.795825937843166E+07   3.430000000000000E+02   1.852025917745214E+01
  7.795826037843166E+07   3.510000000000000E+02   1.873499399519519E+01
  7.795826137843166E+07   3.390000000000000E+02   1.841195263952197E+01
  7.795826237843166E+07   3.470000000000000E+02   1.862793601019716E+01
  7.795826337843166E+07   3.360000000000000E+02   1.833030277982336E+01
  7.795826437843166E+07   3.440000000000000E+02   1.854723699099141E+01
  7.795826537843166E+07   3.550000000000000E+02   1.884144368141677E+01
  7.795826637843166E+07   3.490000000000000E+02   1.868154169226941E+01
  7.795826737843166E+07   3.630000000000000E+02   1.905255888325765E+01
  7.795826837843166E+07   3.300000000000000E+02   1.816590212458495E+01
  7.795826937843166E+07   3.510000000000000E+02   1.873499399519519E+01
  7.795827037843166E+07   3.410000000000000E+02   1.846618531261939E+01
  7.795827137843166E+07   3.660000000000000E+02   1.913112646970899E+01
  7.795827237843166E+07   3.550000000000000E+02   1.884144368141677E+01
  7.795827337843166E+07   3.630000000000000E+02   1.905255888325765E+01
  7.795827437843166E+07   3.220000000000000E+02   1.794435844492636E+01
  7.795827537843166E+07   3.510000000000000E+02   1.873499399519519E+01
  7.795827637843166E+07   3.520000000000000E+02   1.876166303929372E+01
  7.795827737843166E+07   2.930000000000000E+02   1.711724276862369E+01
  7.795827837843166E+07   3.300000000000000E+02   1.816590212458495E+01
  7.795827937843166E+07   3.350000000000000E+02   1.830300521772313E+01
  7.795828037843166E+07   3.530000000000000E+02   1.878829422805594E+01
  7.795828137843166E+07   3.440000000000000E+02   1.854723699099141E+01
  7.795828237843166E+07   3.310000000000000E+02   1.819340539866025E+01
  7.795828337843166E+07   3.400000000000000E+02   1.843908891458577E+01
  7.795828437843166E+07   3.350000000000000E+02   1.830300521772313E+01
  7.795828537843166E+07   3.490000000000000E+02   1.868154169226941E+01
  7.795828637843166E+07   3.940000000000000E+02   1.984943324127921E+01
  7.795828737843166E+07   3.100000000000000E+02   1.760681686165901E+01
  7.795828837843166E+07   3.420000000000000E+02   1.849324200890693E+01
  7.795828937843166E+07   3.680000000000000E+02   1.918332609325088E+01
  7.795829037843166E+07   3.450000000000000E+02   1.857417562100671E+01
  7.795829137843166E+07   3.610000000000000E+02   1.900000000000000E+01
  7.795829237843166E+07   3.660000000000000E+02   1.913112646970899E+01
  7.795829337843166E+07   3.810000000000000E+02   1.951922129594314E+01
  7.795829437843166E+07   3.620000000000000E+02   1.902629759044045E+01
  7.795829537843166E+07   3.450000000000000E+02   1.857417562100671E+01
  7.795829637843166E+07   3.620000000000000E+02   1.902629759044045E+01
  7.795829737843166E+07   3.500000000000000E+02   1.870828693386971E+01
  7.795829837843166E+07   3.380000000000000E+02   1.838477631085023E+01
  7.795829937843166E+07   3.780000000000000E+02   1.944222209522358E+01
  7.795830037843166E+07   3.500000000000000E+02   1.870828693386971E+01
  7.795830137843166E+07   3.650000000000000E+02   1.910497317454280E+01
  7.795830237843166E+07   3.490000000000000E+02   1.868154169226941E+01
  7.795830337843166E+07   4.190000000000000E+02   2.046948949045872E+01
