10.0 0.0 95.2 1.95140974682 39.0 1.24899959968 56.2 1.49933318512 0.0 0.0 1.44102564103 0.0600647559882 0.0 0.0 
15.0 0.0 99.12 1.99118055434 39.96 1.26427845034 59.16 1.53831076184 0.0 0.0 1.48048048048 0.0606298516613 0.0 0.0 
20.0 0.0 95.44 1.95386795869 39.24 1.25283678107 56.2 1.49933318512 0.0 0.0 1.43221202854 0.0595895177453 0.0 0.0 
25.0 0.0 105.6 2.05523721259 42.2 1.29923054151 63.4 1.59248233899 0.0 0.0 1.50236966825 0.0596949932273 0.0 0.0 
30.0 0.0 104.76 2.04704665311 41.92 1.2949131245 62.84 1.58543369461 0.0 0.0 1.49904580153 0.0597879851199 0.0 0.0 
35.0 0.0 106.08 2.05990291033 43.36 1.31696621065 62.72 1.58391918986 0.0 0.0 1.44649446494 0.0571367936953 0.0 0.0 
40.0 0.0 113.12 2.12715772805 44.52 1.33446618541 68.6 1.65650233927 0.0 0.0 1.54088050314 0.0593101494333 0.0 0.0 
45.0 0.0 103.32 2.03292892153 41.64 1.29058126439 61.68 1.57073231329 0.0 0.0 1.48126801153 0.0594194045929 0.0 0.0 
50.0 0.0 91.88 1.91708111461 37.6 1.22637677734 54.28 1.47349923651 0.0 0.0 1.44361702128 0.0612602325399 0.0 0.0 
55.0 0.0 94.56 1.94483932498 38.28 1.23741666386 56.28 1.50039994668 0.0 0.0 1.47021943574 0.0616031440878 0.0 0.0 
60.0 0.0 99.52 1.99519422613 40.52 1.27310643703 59.0 1.53622914957 0.0 0.0 1.45607107601 0.0594164951488 0.0 0.0 
65.0 0.0 96.48 1.96448466525 38.84 1.24643491607 57.64 1.51842023169 0.0 0.0 1.48403707518 0.0616157582437 0.0 0.0 
70.0 0.0 99.44 1.99439213797 41.12 1.28249756335 58.32 1.52735064736 0.0 0.0 1.41828793774 0.0577616581802 0.0 0.0 
75.0 0.0 103.96 2.03921553544 41.08 1.28187362872 62.88 1.58593820813 0.0 0.0 1.53067185979 0.0614148994584 0.0 0.0 
80.0 0.0 109.24 2.09035882087 43.76 1.32302683268 65.48 1.61839426593 0.0 0.0 1.49634369287 0.0584331376213 0.0 0.0 
85.0 0.0 131.88 2.29678035519 48.76 1.39656722001 83.12 1.82340341121 0.0 0.0 1.7046759639 0.0615002224652 0.0 0.0 
90.0 0.0 145.52 2.412633416 52.48 1.4488616221 93.04 1.92914488829 0.0 0.0 1.77286585366 0.0612118422003 0.0 0.0 
95.0 0.0 187.16 2.73612865195 63.6 1.59499216299 123.56 2.22315091705 0.0 0.0 1.9427672956 0.059963888821 0.0 0.0 
100.0 0.0 188.72 2.74750796177 63.24 1.59047162817 125.48 2.24035711439 0.0 0.0 1.98418722328 0.0611981681724 0.0 0.0 
105.0 0.0 148.12 2.43409120618 53.4 1.46150607252 94.72 1.9464840097 0.0 0.0 1.77378277154 0.0607079833716 0.0 0.0 
110.0 0.0 156.68 2.50343763653 54.8 1.48054044187 101.88 2.01871246095 0.0 0.0 1.85912408759 0.0622888635795 0.0 0.0 
115.0 0.0 166.76 2.58271175318 59.32 1.54038956112 107.44 2.07306536318 0.0 0.0 1.81119352664 0.0585945502585 0.0 0.0 
120.0 0.0 164.44 2.56468321631 58.08 1.52420471066 106.36 2.0626196935 0.0 0.0 1.83126721763 0.0597562014256 0.0 0.0 
125.0 0.0 133.52 2.3110170921 49.64 1.4091131963 83.88 1.8317205027 0.0 0.0 1.68976631749 0.0605180198069 0.0 0.0 
130.0 0.0 128.32 2.26556836136 46.84 1.36879509058 81.48 1.80532545542 0.0 0.0 1.73953885568 0.0637936353642 0.0 0.0 
135.0 0.0 141.8 2.38159610346 51.04 1.42884568796 90.76 1.90536085821 0.0 0.0 1.77821316614 0.0622227721823 0.0 0.0 
140.0 0.0 126.0 2.24499443206 48.2 1.38852439662 77.8 1.7640861657 0.0 0.0 1.61410788382 0.0591744880575 0.0 0.0 
145.0 0.0 111.64 2.1131966307 45.08 1.34283282653 66.56 1.63168624435 0.0 0.0 1.47648624667 0.0569600950252 0.0 0.0 
150.0 0.0 110.6 2.10333069202 43.56 1.32 67.04 1.63755915924 0.0 0.0 1.53902662994 0.0599021975892 0.0 0.0 
155.0 0.0 101.8 2.0179197209 39.4 1.25538838612 62.4 1.57987341265 0.0 0.0 1.58375634518 0.064454292671 0.0 0.0 
160.0 0.0 104.6 2.04548282809 43.08 1.31270712651 61.52 1.56869372409 0.0 0.0 1.42804085422 0.0567401473624 0.0 0.0 
165.0 0.0 102.08 2.02069295045 39.72 1.26047610053 62.36 1.57936696179 0.0 0.0 1.56998992951 0.0637440304514 0.0 0.0 
170.0 0.0 96.84 1.96814633602 37.64 1.22702893201 59.2 1.53883072493 0.0 0.0 1.57279489904 0.0655758331815 0.0 0.0 
175.0 0.0 99.88 1.99879963978 40.12 1.26680700977 59.76 1.54609184721 0.0 0.0 1.48953140578 0.0608041428132 0.0 0.0 
180.0 0.0 99.32 1.99318840053 41.48 1.28809937505 57.84 1.52105226735 0.0 0.0 1.39440694311 0.056741965018 0.0 0.0 
185.0 0.0 98.4 1.98393548282 39.52 1.25729869164 58.88 1.53466608746 0.0 0.0 1.48987854251 0.0612753840149 0.0 0.0 
190.0 0.0 96.44 1.96407739155 39.0 1.24899959968 57.44 1.51578362572 0.0 0.0 1.47282051282 0.0611179672756 0.0 0.0 
195.0 0.0 99.6 1.99599599198 42.24 1.29984614474 57.36 1.5147276983 0.0 0.0 1.35795454545 0.0550653459346 0.0 0.0 
200.0 0.0 98.28 1.98272539702 38.96 1.24835892275 59.32 1.54038956112 0.0 0.0 1.52258726899 0.0627963958465 0.0 0.0 
205.0 0.0 93.8 1.93700800205 37.28 1.2211470018 56.52 1.50359569034 0.0 0.0 1.5160944206 0.0639762287598 0.0 0.0 
210.0 0.0 97.6 1.97585424564 39.96 1.26427845034 57.64 1.51842023169 0.0 0.0 1.44244244244 0.0593852612308 0.0 0.0 
215.0 0.0 97.28 1.97261248095 41.08 1.28187362872 56.2 1.49933318512 0.0 0.0 1.36806231743 0.0561648084453 0.0 0.0 
220.0 0.0 99.12 1.99118055434 40.28 1.26933053221 58.84 1.53414471286 0.0 0.0 1.46077457795 0.0597465429942 0.0 0.0 
225.0 0.0 97.32 1.97301799282 38.12 1.23482792323 59.2 1.53883072493 0.0 0.0 1.55299055614 0.0645004227647 0.0 0.0 
230.0 0.0 94.76 1.94689496378 39.12 1.25091966169 55.64 1.49184449592 0.0 0.0 1.42229038855 0.0593523355228 0.0 0.0 
235.0 0.0 93.48 1.93370111444 37.72 1.22833220262 55.76 1.49345237621 0.0 0.0 1.47826086957 0.0623294369844 0.0 0.0 
240.0 0.0 97.88 1.97868643297 40.4 1.27121988657 57.48 1.51631131368 0.0 0.0 1.42277227723 0.0584202361359 0.0 0.0 
245.0 0.0 100.48 2.00479425378 40.16 1.26743836142 60.32 1.55331902712 0.0 0.0 1.50199203187 0.0611800628906 0.0 0.0 
250.0 0.0 103.12 2.03096036397 41.4 1.28685663537 61.72 1.57124154731 0.0 0.0 1.49082125604 0.0598982169978 0.0 0.0 
255.0 0.0 99.6 1.99599599198 39.96 1.26427845034 59.64 1.5445387661 0.0 0.0 1.49249249249 0.0610225374982 0.0 0.0 
260.0 0.0 98.28 1.98272539702 39.4 1.25538838612 58.88 1.53466608746 0.0 0.0 1.49441624365 0.0615179900472 0.0 0.0 
265.0 0.0 97.04 1.97017765696 38.8 1.24579292019 58.24 1.52630272227 0.0 0.0 1.50103092784 0.0622111865015 0.0 0.0 
270.0 0.0 98.8 1.98796378237 41.4 1.28685663537 57.4 1.51525575399 0.0 0.0 1.38647342995 0.0565410543155 0.0 0.0 
275.0 0.0 106.68 2.06572021339 41.2 1.28374452287 65.48 1.61839426593 0.0 0.0 1.58932038835 0.0632091587715 0.0 0.0 
280.0 0.0 110.92 2.10637128731 43.88 1.32483961293 67.04 1.63755915924 0.0 0.0 1.52780309936 0.0593337777579 0.0 0.0 
285.0 0.0 118.72 2.1791741555 46.36 1.36176356244 72.36 1.70129362545 0.0 0.0 1.56082830026 0.0587254127365 0.0 0.0 
290.0 0.0 143.96 2.39966664352 52.2 1.44499134946 91.76 1.91582880237 0.0 0.0 1.75785440613 0.0609497407378 0.0 0.0 
295.0 0.0 136.08 2.33306665143 49.4 1.40570267126 86.68 1.86204188997 0.0 0.0 1.75465587045 0.0625599184467 0.0 0.0 
300.0 0.0 141.48 2.37890731219 51.4 1.43387586631 90.08 1.89820968283 0.0 0.0 1.75252918288 0.0612698802469 0.0 0.0 
305.0 0.0 135.96 2.33203773554 48.48 1.39255161484 87.48 1.87061487217 0.0 0.0 1.80445544554 0.0646168888693 0.0 0.0 
310.0 0.0 132.24 2.29991304183 49.68 1.40968081494 82.56 1.81725067066 0.0 0.0 1.66183574879 0.0596793215519 0.0 0.0 
315.0 0.0 149.56 2.44589451939 53.28 1.45986300727 96.28 1.96244745153 0.0 0.0 1.80705705706 0.0617105533177 0.0 0.0 
320.0 0.0 159.12 2.522855525 55.24 1.48647233408 103.88 2.038430769 0.0 0.0 1.88052136133 0.0626293416287 0.0 0.0 
325.0 0.0 138.68 2.355249456 52.24 1.44554487997 86.44 1.85946228787 0.0 0.0 1.65467075038 0.0579948646044 0.0 0.0 
330.0 0.0 118.56 2.17770521421 47.12 1.37288018414 71.44 1.69044372873 0.0 0.0 1.51612903226 0.0569065020761 0.0 0.0 
335.0 0.0 121.2 2.20181743112 47.24 1.3746272222 73.96 1.72 0.0 0.0 1.56562235394 0.0583196519433 0.0 0.0 
340.0 0.0 113.36 2.12941306467 43.92 1.32544332206 69.44 1.66661333248 0.0 0.0 1.5810564663 0.0609636938146 0.0 0.0 
345.0 0.0 111.64 2.1131966307 44.36 1.33206606443 67.28 1.64048773235 0.0 0.0 1.51668169522 0.0586672315485 0.0 0.0 
350.0 0.0 107.88 2.07730594762 40.4 1.27121988657 67.48 1.64292422223 0.0 0.0 1.6702970297 0.0664532084106 0.0 0.0 
355.0 0.0 106.88 2.06765567733 42.32 1.30107647738 64.56 1.60698475413 0.0 0.0 1.52551984877 0.0603450276397 0.0 0.0 
360.0 0.0 102.68 2.02662280654 41.52 1.28872029549 61.16 1.56409718368 0.0 0.0 1.47302504817 0.0592407634541 0.0 0.0 
365.0 0.0 98.16 1.98151457224 41.12 1.28249756335 57.04 1.51049660708 0.0 0.0 1.38715953307 0.0567554236705 0.0 0.0 
370.0 0.0 97.4 1.97382876664 39.32 1.25411323253 58.08 1.52420471066 0.0 0.0 1.47711088505 0.0610102092066 0.0 0.0 
375.0 0.0 95.12 1.95058965444 38.44 1.24 56.68 1.50572241798 0.0 0.0 1.4745057232 0.0616177404871 0.0 0.0 
380.0 0.0 91.08 1.90871684647 37.2 1.21983605456 53.88 1.46805994428 0.0 0.0 1.44838709677 0.0617505585615 0.0 0.0 
385.0 0.0 96.56 1.96529895945 40.16 1.26743836142 56.4 1.50199866844 0.0 0.0 1.40438247012 0.0579932730034 0.0 0.0 
390.0 0.0 96.64 1.96611291639 38.4 1.23935467079 58.24 1.52630272227 0.0 0.0 1.51666666667 0.063055402594 0.0 0.0 
395.0 0.0 98.32 1.983128841 40.52 1.27310643703 57.8 1.5205262247 0.0 0.0 1.42645607108 0.0584535234738 0.0 0.0 
400.0 0.0 94.96 1.94894843441 39.64 1.2592060991 55.32 1.48754831854 0.0 0.0 1.39556004036 0.0580819201791 0.0 0.0 
405.0 0.0 96.48 1.96448466525 39.88 1.26301227231 56.6 1.5046594299 0.0 0.0 1.41925777332 0.0586845980355 0.0 0.0 
410.0 0.0 96.96 1.96936538001 36.92 1.21523660248 60.04 1.54970965022 0.0 0.0 1.62621885157 0.0680227369799 0.0 0.0 
415.0 0.0 99.32 1.99318840053 41.6 1.28996123973 57.72 1.51947359306 0.0 0.0 1.3875 0.0564379871561 0.0 0.0 
420.0 0.0 97.64 1.97625909233 40.56 1.27373466625 57.08 1.5110261414 0.0 0.0 1.40729783037 0.0578014780234 0.0 0.0 
425.0 0.0 98.48 1.98474179681 38.64 1.24322162143 59.84 1.54712636847 0.0 0.0 1.54865424431 0.0639210840185 0.0 0.0 
430.0 0.0 104.52 2.04470046706 42.32 1.30107647738 62.2 1.57733953225 0.0 0.0 1.46975425331 0.0585742046171 0.0 0.0 
435.0 0.0 100.64 2.00638979264 40.48 1.27247789765 60.16 1.55125755437 0.0 0.0 1.48616600791 0.0604238603219 0.0 0.0 
440.0 0.0 96.96 1.96936538001 39.28 1.25347516928 57.68 1.51894700368 0.0 0.0 1.46843177189 0.060754955382 0.0 0.0 
445.0 0.0 101.4 2.01395134003 41.08 1.28187362872 60.32 1.55331902712 0.0 0.0 1.46835443038 0.059406502875 0.0 0.0 
450.0 0.0 110.96 2.10675105316 44.84 1.33925352342 66.12 1.62628410802 0.0 0.0 1.47457627119 0.0570533613375 0.0 0.0 
455.0 0.0 124.32 2.22997757836 47.04 1.37171425596 77.28 1.75818087807 0.0 0.0 1.64285714286 0.0607621431461 0.0 0.0 
460.0 0.0 138.36 2.35253055241 50.8 1.4254823745 87.56 1.87147001045 0.0 0.0 1.72362204724 0.0607984602024 0.0 0.0 
465.0 0.0 172.0 2.62297540972 60.08 1.55022579001 111.92 2.11584498487 0.0 0.0 1.86284953395 0.0595872281874 0.0 0.0 
470.0 0.0 181.24 2.69250812441 62.48 1.58088582763 118.76 2.17954123613 0.0 0.0 1.90076824584 0.0594128773394 0.0 0.0 
475.0 0.0 211.12 2.90599380591 70.32 1.67714042346 140.8 2.37318351587 0.0 0.0 2.00227531286 0.058476008233 0.0 0.0 
480.0 0.0 184.84 2.7191175039 62.4 1.57987341265 122.44 2.21305219098 0.0 0.0 1.96217948718 0.0610397507466 0.0 0.0 
485.0 0.0 165.64 2.57402408691 58.44 1.52892118829 107.2 2.07074865689 0.0 0.0 1.83436002738 0.0596547030712 0.0 0.0 
490.0 0.0 183.92 2.71234216131 61.28 1.56563086326 122.64 2.21485891199 0.0 0.0 2.00130548303 0.062615580437 0.0 0.0 
495.0 0.0 141.68 2.38058816262 51.16 1.43052437938 90.52 1.90283998276 0.0 0.0 1.76935105551 0.0618957370264 0.0 0.0 
500.0 0.0 143.84 2.39866629609 52.44 1.44830935922 91.4 1.91206694443 0.0 0.0 1.74294431732 0.0603877580313 0.0 0.0 
505.0 0.0 127.24 2.25601418435 48.0 1.38564064606 79.24 1.78033704674 0.0 0.0 1.65083333333 0.0603882164815 0.0 0.0 
510.0 0.0 130.04 2.28070164642 48.36 1.39082709206 81.68 1.80753976443 0.0 0.0 1.68899917287 0.0612910275402 0.0 0.0 
515.0 0.0 130.84 2.28770627485 48.88 1.39828466344 81.96 1.81063524764 0.0 0.0 1.6767594108 0.0606044399731 0.0 0.0 
520.0 0.0 118.6 2.17807254241 44.96 1.34104436914 73.64 1.71627503623 0.0 0.0 1.63790035587 0.0619997268651 0.0 0.0 
525.0 0.0 116.84 2.1618510587 44.72 1.33746027978 72.12 1.69846989964 0.0 0.0 1.61270125224 0.0613904669197 0.0 0.0 
530.0 0.0 108.96 2.08767813611 43.52 1.3193938002 65.44 1.61789987329 0.0 0.0 1.50367647059 0.0588236350088 0.0 0.0 
535.0 0.0 108.36 2.08192218875 42.92 1.31026714833 65.44 1.61789987329 0.0 0.0 1.5246971109 0.0598958274837 0.0 0.0 
540.0 0.0 101.16 2.01156655371 37.68 1.22768074026 63.48 1.59348674296 0.0 0.0 1.6847133758 0.0692925468061 0.0 0.0 
545.0 0.0 102.6 2.02583316194 39.52 1.25729869164 63.08 1.58845837213 0.0 0.0 1.59615384615 0.0647625759343 0.0 0.0 
550.0 0.0 100.16 2.00159936051 39.2 1.2521980674 60.96 1.56153770368 0.0 0.0 1.55510204082 0.0636752314497 0.0 0.0 
555.0 0.0 98.24 1.98232187094 39.8 1.26174482365 58.44 1.52892118829 0.0 0.0 1.46834170854 0.0603538067693 0.0 0.0 
560.0 0.0 99.44 1.99439213797 40.8 1.27749755381 58.64 1.53153517753 0.0 0.0 1.43725490196 0.0586026546542 0.0 0.0 
565.0 0.0 98.36 1.98353220291 40.16 1.26743836142 58.2 1.52577848982 0.0 0.0 1.44920318725 0.059457985645 0.0 0.0 
570.0 0.0 98.92 1.98917068147 40.24 1.26870012217 58.68 1.53205744018 0.0 0.0 1.45825049702 0.0596939261579 0.0 0.0 
575.0 0.0 94.92 1.94853791341 38.68 1.24386494444 56.24 1.49986666074 0.0 0.0 1.45398138573 0.060743780611 0.0 0.0 
580.0 0.0 96.92 1.96895911588 38.12 1.23482792323 58.8 1.53362316101 0.0 0.0 1.54249737671 0.0641499058749 0.0 0.0 
585.0 0.0 93.28 1.93163143482 38.08 1.23417988964 55.2 1.48593404968 0.0 0.0 1.44957983193 0.0610728790525 0.0 0.0 
590.0 0.0 100.2 2.001999001 40.2 1.26806939873 60.0 1.54919333848 0.0 0.0 1.49253731343 0.0608415685457 0.0 0.0 
595.0 0.0 93.56 1.93452836629 38.4 1.23935467079 55.16 1.48539557021 0.0 0.0 1.43645833333 0.0603796226382 0.0 0.0 
600.0 0.0 94.92 1.94853791341 37.8 1.22963409192 57.12 1.51155549022 0.0 0.0 1.51111111111 0.0633673083577 0.0 0.0 
605.0 0.0 96.44 1.96407739155 38.48 1.24064499354 57.96 1.52262930485 0.0 0.0 1.50623700624 0.0626426598481 0.0 0.0 
610.0 0.0 96.4 1.96367003338 39.16 1.25155902777 57.24 1.51314242555 0.0 0.0 1.46169560776 0.0606253558061 0.0 0.0 
615.0 0.0 97.56 1.97544931598 38.56 1.2419339757 59.0 1.53622914957 0.0 0.0 1.53008298755 0.0633703870161 0.0 0.0 
620.0 0.0 99.72 1.99719803725 39.64 1.2592060991 60.08 1.55022579001 0.0 0.0 1.5156407669 0.0620276923052 0.0 0.0 
625.0 0.0 99.76 1.99759855827 38.72 1.24450793489 61.04 1.56256199877 0.0 0.0 1.57644628099 0.0647757507894 0.0 0.0 
630.0 0.0 101.72 2.0171266693 42.52 1.30414723095 59.2 1.53883072493 0.0 0.0 1.39228598307 0.0559762938813 0.0 0.0 
635.0 0.0 108.16 2.08 41.92 1.2949131245 66.24 1.62775919595 0.0 0.0 1.58015267176 0.062372275123 0.0 0.0 
640.0 0.0 119.92 2.19015981152 44.16 1.32905981807 75.76 1.74080441176 0.0 0.0 1.71557971014 0.0649609236778 0.0 0.0 
645.0 0.0 153.32 2.47644907075 56.76 1.50678465615 96.56 1.96529895945 0.0 0.0 1.70119802678 0.056906837266 0.0 0.0 
650.0 0.0 140.08 2.36710794008 51.84 1.44 88.24 1.87872297053 0.0 0.0 1.70216049383 0.0595735283345 0.0 0.0 
655.0 0.0 159.2 2.52348964729 56.64 1.50519101778 102.56 2.02543822419 0.0 0.0 1.81073446328 0.0599522748032 0.0 0.0 
660.0 0.0 145.04 2.40865107477 50.52 1.42154845151 94.52 1.94442793644 0.0 0.0 1.87094220111 0.065213984342 0.0 0.0 
665.0 0.0 127.32 2.25672328831 48.72 1.39599426933 78.6 1.77313282074 0.0 0.0 1.61330049261 0.0588340390237 0.0 0.0 
670.0 0.0 143.8 2.39833275423 52.08 1.44332948421 91.72 1.91541118301 0.0 0.0 1.76113671275 0.061113196285 0.0 0.0 
675.0 0.0 124.24 2.22925996689 46.56 1.36469776874 77.68 1.76272516292 0.0 0.0 1.66838487973 0.0618437574226 0.0 0.0 
680.0 0.0 118.16 2.17402851867 46.64 1.36586968632 71.52 1.69138996095 0.0 0.0 1.53344768439 0.0577219742958 0.0 0.0 
685.0 0.0 112.72 2.1233935104 43.24 1.31514257782 69.48 1.66709327873 0.0 0.0 1.60684551341 0.0622489259807 0.0 0.0 
690.0 0.0 106.44 2.06339526024 43.32 1.31635861375 63.12 1.58896192528 0.0 0.0 1.45706371191 0.0574954201274 0.0 0.0 
695.0 0.0 99.68 1.9967974359 40.76 1.27687117596 58.92 1.53518728499 0.0 0.0 1.44553483808 0.0588998401854 0.0 0.0 
700.0 0.0 104.84 2.04782811779 42.44 1.30291979799 62.4 1.57987341265 0.0 0.0 1.47031102733 0.0585090078569 0.0 0.0 
705.0 0.0 100.44 2.00439517062 41.04 1.28124939024 59.4 1.54142790944 0.0 0.0 1.44736842105 0.0587578020809 0.0 0.0 
710.0 0.0 102.32 2.02306697862 40.88 1.27874938905 61.44 1.56767343538 0.0 0.0 1.50293542074 0.0606693768498 0.0 0.0 
715.0 0.0 103.68 2.03646752982 44.04 1.32725280184 59.64 1.5445387661 0.0 0.0 1.35422343324 0.0538115301906 0.0 0.0 
720.0 0.0 100.28 2.00279804274 40.4 1.27121988657 59.88 1.54764336977 0.0 0.0 1.48217821782 0.0603539927658 0.0 0.0 
725.0 0.0 97.48 1.97463920755 39.0 1.24899959968 58.48 1.52944434354 0.0 0.0 1.49948717949 0.0620004051346 0.0 0.0 
730.0 0.0 99.0 1.98997487421 40.88 1.27874938905 58.12 1.5247294842 0.0 0.0 1.4217221135 0.0580422266955 0.0 0.0 
735.0 0.0 96.4 1.96367003338 37.8 1.22963409192 58.6 1.53101273672 0.0 0.0 1.55026455026 0.0646814311902 0.0 0.0 
740.0 0.0 96.88 1.9685527679 42.4 1.30230564769 54.48 1.47621136698 0.0 0.0 1.28490566038 0.0526279950651 0.0 0.0 
745.0 0.0 100.32 2.00319744409 41.04 1.28124939024 59.28 1.53987012439 0.0 0.0 1.44444444444 0.0586633455128 0.0 0.0 
750.0 0.0 98.72 1.98715877574 40.04 1.26554336156 58.68 1.53205744018 0.0 0.0 1.46553446553 0.0600809122699 0.0 0.0 
755.0 0.0 99.76 1.99759855827 41.32 1.2856126944 58.44 1.52892118829 0.0 0.0 1.41432720232 0.057494043107 0.0 0.0 
760.0 0.0 101.6 2.01593650694 42.04 1.2967652062 59.56 1.54350251053 0.0 0.0 1.41674595623 0.0570768679012 0.0 0.0 
765.0 0.0 100.72 2.00718708645 40.84 1.27812362469 59.88 1.54764336977 0.0 0.0 1.46620959843 0.0595113976439 0.0 0.0 
770.0 0.0 93.56 1.93452836629 37.24 1.22049170419 56.32 1.50093304314 0.0 0.0 1.51235230934 0.0638839729083 0.0 0.0 
780.0 0.0 98.96 1.98957281847 39.56 1.25793481548 59.4 1.54142790944 0.0 0.0 1.50151668352 0.061626660895 0.0 0.0 
785.0 0.0 99.72 1.99719803725 38.64 1.24322162143 61.08 1.56307389461 0.0 0.0 1.58074534161 0.0649852760569 0.0 0.0 
790.0 0.0 103.16 2.0313542281 42.24 1.29984614474 60.92 1.56102530409 0.0 0.0 1.44223484848 0.0577536910688 0.0 0.0 
795.0 0.0 120.44 2.19490318693 46.64 1.36586968632 73.8 1.71813852759 0.0 0.0 1.58233276158 0.0591978232089 0.0 0.0 
800.0 0.0 137.2 2.3426480743 52.12 1.44388365182 85.08 1.84477640922 0.0 0.0 1.63238679969 0.0574267424387 0.0 0.0 
805.0 0.0 155.8 2.49639740426 55.04 1.48377895928 100.76 2.00758561461 0.0 0.0 1.83066860465 0.0613677448271 0.0 0.0 
810.0 0.0 164.2 2.56281095674 55.44 1.48916083752 108.76 2.08576125192 0.0 0.0 1.96176046176 0.0647465063162 0.0 0.0 
815.0 0.0 179.88 2.68238699669 61.0 1.56204993518 118.88 2.18064210727 0.0 0.0 1.94885245902 0.0613876602436 0.0 0.0 
820.0 0.0 170.8 2.61380948043 60.76 1.55897402159 110.04 2.09799904671 0.0 0.0 1.81105990783 0.0578925356706 0.0 0.0 
825.0 0.0 157.72 2.51173246983 56.36 1.50146595033 101.36 2.01355407178 0.0 0.0 1.79843860894 0.0597654514177 0.0 0.0 
830.0 0.0 179.76 2.68149212194 60.4 1.55434873822 119.36 2.1850400454 0.0 0.0 1.9761589404 0.062409474033 0.0 0.0 
835.0 0.0 145.76 2.41462212365 52.88 1.45437271702 92.88 1.92748540851 0.0 0.0 1.75642965204 0.060516403389 0.0 0.0 
840.0 0.0 132.44 2.30165158093 48.68 1.3954210834 83.76 1.83040979018 0.0 0.0 1.72062448644 0.0620200428135 0.0 0.0 
845.0 0.0 128.32 2.26556836136 48.84 1.39771241677 79.48 1.78303112704 0.0 0.0 1.62735462735 0.0591755928291 0.0 0.0 
850.0 0.0 113.08 2.12678160609 42.92 1.31026714833 70.16 1.67523132731 0.0 0.0 1.63466915191 0.0633545945355 0.0 0.0 
855.0 0.0 109.28 2.09074149526 45.04 1.34223693885 64.24 1.60299719276 0.0 0.0 1.42628774423 0.0554377418999 0.0 0.0 
860.0 0.0 107.76 2.07615028358 41.56 1.2893409169 66.2 1.62726764854 0.0 0.0 1.59287776708 0.0630484585922 0.0 0.0 
865.0 0.0 102.32 2.02306697862 40.52 1.27310643703 61.8 1.57225952056 0.0 0.0 1.5251727542 0.0616595490134 0.0 0.0 
870.0 0.0 100.08 2.00079984006 40.84 1.27812362469 59.24 1.53935051239 0.0 0.0 1.45053868756 0.0590041514142 0.0 0.0 
875.0 0.0 104.44 2.04391780657 39.72 1.26047610053 64.72 1.60897482889 0.0 0.0 1.62940584089 0.0656853958947 0.0 0.0 
880.0 0.0 98.6 1.98595065397 40.28 1.26933053221 58.32 1.52735064736 0.0 0.0 1.44786494538 0.0593257200381 0.0 0.0 
885.0 0.0 98.76 1.98756131981 39.24 1.25283678107 59.52 1.54298412176 0.0 0.0 1.51681957187 0.0623818858273 0.0 0.0 
890.0 0.0 97.4 1.97382876664 39.76 1.26111062163 57.64 1.51842023169 0.0 0.0 1.44969818913 0.0597725654982 0.0 0.0 
895.0 0.0 95.56 1.95509590558 38.64 1.24322162143 56.92 1.50890688911 0.0 0.0 1.47308488613 0.0614108113561 0.0 0.0 
900.0 0.0 103.04 2.03017240647 41.24 1.28436754864 61.8 1.57225952056 0.0 0.0 1.49854510184 0.0602627815171 0.0 0.0 
905.0 0.0 99.76 1.99759855827 40.6 1.27436258577 59.16 1.53831076184 0.0 0.0 1.45714285714 0.0593927245322 0.0 0.0 
910.0 0.0 102.28 2.02267150076 40.36 1.27059041394 61.92 1.57378524583 0.0 0.0 1.53419226957 0.0620746233163 0.0 0.0 
915.0 0.0 98.48 1.98474179681 39.48 1.25666224579 59.0 1.53622914957 0.0 0.0 1.49442755826 0.0614560022116 0.0 0.0 
920.0 0.0 94.16 1.94072151531 40.24 1.26870012217 53.92 1.46860478005 0.0 0.0 1.33996023857 0.0558278887345 0.0 0.0 
925.0 0.0 98.64 1.98635344287 39.64 1.2592060991 59.0 1.53622914957 0.0 0.0 1.48839556004 0.0611338946978 0.0 0.0 
930.0 0.0 98.72 1.98715877574 39.76 1.26111062163 58.96 1.53570830564 0.0 0.0 1.48289738431 0.0608613726164 0.0 0.0 
935.0 0.0 97.6 1.97585424564 38.6 1.24257796536 59.0 1.53622914957 0.0 0.0 1.52849740933 0.0632848788891 0.0 0.0 
940.0 0.0 100.84 2.0083824337 40.08 1.26617534331 60.76 1.55897402159 0.0 0.0 1.51596806387 0.0616969545937 0.0 0.0 
945.0 0.0 94.44 1.94360489812 37.92 1.23158434547 56.52 1.50359569034 0.0 0.0 1.49050632911 0.0625758227519 0.0 0.0 
950.0 0.0 96.52 1.96489185453 39.48 1.25666224579 57.04 1.51049660708 0.0 0.0 1.44478216819 0.0598222432879 0.0 0.0 
955.0 0.0 97.2 1.97180120702 39.08 1.25027996865 58.12 1.5247294842 0.0 0.0 1.48720573183 0.0615310177219 0.0 0.0 
960.0 0.0 97.24 1.9722068857 40.6 1.27436258577 56.64 1.50519101778 0.0 0.0 1.39507389163 0.0573753096923 0.0 0.0 
965.0 0.0 103.92 2.03882318998 42.72 1.30721077107 61.2 1.56460857725 0.0 0.0 1.43258426966 0.0571226582827 0.0 0.0 
970.0 0.0 107.04 2.06920274502 42.76 1.30782261794 64.28 1.60349618023 0.0 0.0 1.50327408793 0.0593313779948 0.0 0.0 
975.0 0.0 108.68 2.08499400479 42.76 1.30782261794 65.92 1.62382265041 0.0 0.0 1.54162768943 0.0605420141266 0.0 0.0 
980.0 0.0 117.76 2.1703455946 44.56 1.33506554146 73.2 1.7111399709 0.0 0.0 1.64272890485 0.0624261657932 0.0 0.0 
985.0 0.0 109.16 2.08959326186 43.92 1.32544332206 65.24 1.6154256405 0.0 0.0 1.485428051 0.0579862786491 0.0 0.0 
990.0 0.0 109.88 2.09647322902 40.32 1.26996062931 69.56 1.66805275696 0.0 0.0 1.7251984127 0.0682949077202 0.0 0.0 
995.0 0.0 132.44 2.30165158093 50.04 1.41477913471 82.4 1.81548891487 0.0 0.0 1.64668265388 0.0590238094763 0.0 0.0 
1000.0 0.0 134.52 2.31965514678 51.12 1.42996503454 83.4 1.82647200909 0.0 0.0 1.63145539906 0.0579589064274 0.0 0.0 
1005.0 0.0 141.84 2.38193198895 52.12 1.44388365182 89.72 1.89441283779 0.0 0.0 1.72141212586 0.0599607945135 0.0 0.0 
1010.0 0.0 135.2 2.3255106966 49.32 1.40456398929 85.88 1.85342925411 0.0 0.0 1.74128142741 0.0622199642822 0.0 0.0 
1015.0 0.0 126.76 2.25175487121 46.64 1.36586968632 80.12 1.79019552005 0.0 0.0 1.71783876501 0.0632781492665 0.0 0.0 
1020.0 0.0 128.6 2.26803880037 47.04 1.37171425596 81.56 1.80621150478 0.0 0.0 1.73384353741 0.0634874843687 0.0 0.0 
1025.0 0.0 128.44 2.26662745064 46.6 1.36528385327 81.84 1.80930926046 0.0 0.0 1.75622317597 0.0644590765459 0.0 0.0 
1030.0 0.0 144.04 2.40033331019 50.48 1.42098557347 93.56 1.93452836629 0.0 0.0 1.85340729002 0.0647347744595 0.0 0.0 
1035.0 0.0 131.64 2.29468952148 50.72 1.42435950518 80.92 1.79911089152 0.0 0.0 1.59542586751 0.0571456270094 0.0 0.0 
1040.0 0.0 142.44 2.38696459965 51.24 1.43164241345 91.2 1.90997382181 0.0 0.0 1.77985948478 0.0621483661473 0.0 0.0 
1045.0 0.0 155.76 2.49607692189 55.08 1.48431802522 100.68 2.00678847914 0.0 0.0 1.82788671024 0.0612687007641 0.0 0.0 
1050.0 0.0 143.0 2.39165214862 52.08 1.44332948421 90.92 1.90703959057 0.0 0.0 1.74577572965 0.0606766038257 0.0 0.0 
1055.0 0.0 125.84 2.24356858598 48.8 1.39713993573 77.04 1.7554486606 0.0 0.0 1.57868852459 0.0577653959483 0.0 0.0 
1060.0 0.0 111.12 2.1082694325 43.04 1.31209755735 68.08 1.65021210758 0.0 0.0 1.58178438662 0.0616066355141 0.0 0.0 
1065.0 0.0 111.36 2.11054495332 41.92 1.2949131245 69.44 1.66661333248 0.0 0.0 1.65648854962 0.0647988878238 0.0 0.0 
1070.0 0.0 108.68 2.08499400479 42.96 1.31087756865 65.72 1.62135745596 0.0 0.0 1.52979515829 0.0600284568194 0.0 0.0 
1075.0 0.0 107.56 2.07422274599 42.4 1.30230564769 65.16 1.61443488565 0.0 0.0 1.53679245283 0.0606452995262 0.0 0.0 
1080.0 0.0 101.08 2.01077099641 40.28 1.26933053221 60.8 1.55948709517 0.0 0.0 1.50943396226 0.0613310230469 0.0 0.0 
1085.0 0.0 104.24 2.0419598429 39.72 1.26047610053 64.52 1.60648685024 0.0 0.0 1.62437059416 0.0655209999263 0.0 0.0 
1090.0 0.0 95.76 1.95714077164 37.24 1.22049170419 58.52 1.52996731991 0.0 0.0 1.57142857143 0.0658809290019 0.0 0.0 
1095.0 0.0 97.12 1.97098959916 39.96 1.26427845034 57.16 1.51208465371 0.0 0.0 1.43043043043 0.0589918781564 0.0 0.0 
1100.0 0.0 99.2 1.99198393568 39.8 1.26174482365 59.4 1.54142790944 0.0 0.0 1.49246231156 0.0611440844094 0.0 0.0 
1105.0 0.0 97.16 1.97139544486 38.68 1.24386494444 58.48 1.52944434354 0.0 0.0 1.51189245088 0.0626682738552 0.0 0.0 
1110.0 0.0 99.84 1.99839935949 46.28 1.36058810814 53.56 1.46369395708 0.0 0.0 1.15730337079 0.0464528688648 0.0 0.0 
1115.0 0.0 67.44 1.64243721341 32.88 1.14682169495 34.56 1.17575507654 0.0 0.0 1.05109489051 0.0512127303138 0.0 0.0 
1120.0 0.0 58.2 1.52577848982 23.64 0.972419662491 34.56 1.17575507654 0.0 0.0 1.46192893401 0.0780381825728 0.0 0.0 
1125.0 0.0 58.28 1.52682677472 23.48 0.969123315167 34.8 1.1798304963 0.0 0.0 1.48211243612 0.0791648239537 0.0 0.0 
1130.0 0.0 47.72 1.38159328313 24.2 0.9838699101 23.52 0.969948452239 0.0 0.0 0.971900826446 0.0562828165855 0.0 0.0 
1135.0 0.0 39.2 2.8 15.2 1.74355957742 24.0 2.19089023002 0.0 0.0 1.57894736842 0.231471896688 0.0 0.0 
