0 1546 4.007492981902776E+01
1 1546 4.007492981902776E+01
2 1500 3.949683531626300E+01
3 1521 3.976179070414209E+01
4 1585 4.055859958134649E+01
5 1503 3.953479480154159E+01
6 1569 4.036087214122113E+01
7 1530 3.987480407475377E+01
8 1717 4.215447781671598E+01
9 1839 4.357751713900185E+01
10 1858 4.379497688091638E+01
11 1863 4.385202389856140E+01
12 1955 4.488875137492688E+01
13 2179 4.731807265728392E+01
14 2415 4.974937185533100E+01
15 2703 5.256424640380570E+01
16 2861 5.404627646748664E+01
17 3637 6.080296045424105E+01
18 4354 6.643794096749237E+01
19 5335 7.345066371381542E+01
20 4100 6.449806198638839E+01
21 3908 6.299206299209449E+01
22 3903 6.295236294214857E+01
23 3917 6.306346010171025E+01
24 3315 5.809475019311125E+01
25 3721 6.148983655857283E+01
26 4273 6.582552696332935E+01
27 4274 6.583312236253116E+01
28 4447 6.713419396998820E+01
29 4539 6.781592733274390E+01
30 4795 6.967783004657937E+01
31 4860 7.014271166700073E+01
32 4783 6.959166616772443E+01
33 4541 6.783067152844649E+01
34 4413 6.688049042882386E+01
35 4016 6.384355879804947E+01
36 3832 6.238589584192889E+01
37 3265 5.766281297335398E+01
38 1957 4.491102314577124E+01
39 1495 3.943348830626071E+01
40 1337 3.737646318206151E+01
41 1211 3.565108693995177E+01
42 1289 3.672873534441391E+01
43 1193 3.539774004085572E+01
44 1115 3.427827300200522E+01
45 1209 3.562302626111375E+01
46 1290 3.674234614174767E+01
47 1340 3.741657386773942E+01
48 1345 3.748332962798263E+01
49 1354 3.760319135392633E+01
50 1391 3.809199390948182E+01
51 1567 4.033608806019741E+01
52 1529 3.986226285598950E+01
53 1638 4.120679555607303E+01
54 1660 4.147288270665544E+01
55 1643 4.126742056392670E+01
56 1821 4.337049688440288E+01
57 1921 4.450842616853577E+01
58 2101 4.648655719667784E+01
59 2435 4.994997497496870E+01
60 2875 5.417564028232615E+01
61 3617 6.063827174318213E+01
62 4223 6.544463308782470E+01
63 4511 6.760917097554147E+01
64 3907 6.298412498399895E+01
65 3873 6.271363488110062E+01
66 3640 6.082762530298220E+01
67 3324 5.817215828899594E+01
68 3566 6.021627686929839E+01
69 3519 5.982474404458409E+01
70 3486 5.954829972383762E+01
71 3524 5.986651818838306E+01
72 3728 6.154673021371647E+01
73 3676 6.112282715974450E+01
74 3449 5.923681287847955E+01
75 3442 5.917769850205396E+01
76 2335 4.893873721296863E+01
77 2111 4.659399102888698E+01
78 2037 4.579301256742124E+01
79 1578 4.047221268969612E+01
80 1587 4.058324777540605E+01
81 1474 3.916631205513228E+01
82 1411 3.835361782153021E+01
83 1399 3.819685850956856E+01
84 1325 3.721558813185679E+01
85 1456 3.893584466786357E+01
86 1486 3.931920650267500E+01
87 1463 3.902563260217571E+01
88 1365 3.774917217635375E+01
89 1572 4.039801975344831E+01
90 1727 4.227292277569650E+01
91 1826 4.342810150121693E+01
92 1895 4.421538193886829E+01
93 2114 4.662617290749907E+01
94 2177 4.729693436154187E+01
95 2730 5.282045058497702E+01
96 3092 5.614267539047280E+01
97 3689 6.122907805936653E+01
98 4337 6.630987860040162E+01
99 3742 6.166036003787198E+01
100 2914 5.453439281774392E+01
101 2242 4.797916214358062E+01
102 1835 4.353159771935783E+01
103 1434 3.865229618017538E+01
104 1514 3.967366884975475E+01
105 1381 3.796050579220461E+01
106 1273 3.651027252705737E+01
107 1264 3.638681079732051E+01
108 1160 3.492849839314596E+01
109 1234 3.597221149720990E+01
110 1265 3.640054944640259E+01
111 1253 3.623534186398687E+01
112 1263 3.637306695894642E+01
113 1264 3.638681079732051E+01
114 1299 3.686461718233353E+01
115 1439 3.871692136521188E+01
116 1482 3.926830783214372E+01
117 1512 3.964845520319802E+01
118 1632 4.113392760240627E+01
119 1800 4.312771730569565E+01
120 1709 4.205948168962618E+01
121 1901 4.428317965096906E+01
122 2084 4.630334761116090E+01
123 2217 4.771792116176060E+01
124 2475 5.034878350069642E+01
125 3060 5.585696017507576E+01
126 3596 6.046486583132390E+01
127 3636 6.079473661428266E+01
128 4611 6.834471449936710E+01
129 3991 6.364746656387825E+01
130 3987 6.361603571427569E+01
131 3556 6.013318551349163E+01
132 3385 5.869412236331676E+01
133 3644 6.086049621881175E+01
134 3471 5.942221806698232E+01
135 3855 6.256996084384263E+01
136 3823 6.231372240526159E+01
137 3830 6.236986451805070E+01
138 3818 6.227358990776106E+01
139 3833 6.239390995922599E+01
140 3647 6.088513775955508E+01
141 3370 5.856620185738529E+01
142 2641 5.197114584074513E+01
143 1768 4.275511665286390E+01
144 1471 3.912799509302770E+01
145 1397 3.817066936798463E+01
146 1333 3.732291521304305E+01
147 1231 3.593048844644336E+01
148 1304 3.693237062523878E+01
149 1194 3.541186241925155E+01
150 1188 3.532704346531139E+01
151 1138 3.461213659975356E+01
152 1330 3.728270376461450E+01
153 1298 3.685105154537656E+01
154 1323 3.718870796357410E+01
155 1306 3.695943722515266E+01
156 1413 3.837968212479097E+01
157 1392 3.810511776651530E+01
158 1513 3.966106403010388E+01
159 1596 4.069397989875161E+01
160 1641 4.124318125460256E+01
161 1760 4.266145801540308E+01
162 1863 4.385202389856140E+01
163 1958 4.492215489043240E+01
164 2155 4.706378650300037E+01
165 2475 5.034878350069642E+01
166 2983 5.516339365920120E+01
167 3562 6.018305409332431E+01
168 4127 6.470703207534712E+01
169 4138 6.479197481170026E+01
170 3867 6.266578013557319E+01
171 3968 6.346652661048972E+01
172 4211 6.535288822997802E+01
173 4084 6.437390775772433E+01
174 3735 6.160357132504576E+01
175 4122 6.466838485689897E+01
176 4293 6.597726881282674E+01
177 4467 6.728298447601742E+01
178 4383 6.665583245298194E+01
179 4341 6.634003316248794E+01
180 4493 6.747592163134935E+01
181 4331 6.626462102811726E+01
182 4533 6.777167549942970E+01
183 4501 6.753517601961218E+01
184 4490 6.745368781616021E+01
185 4558 6.795586803212802E+01
186 4532 6.776429738438966E+01
187 4462 6.724581771381771E+01
188 4545 6.786015030929418E+01
189 4594 6.822023160324215E+01
190 4474 6.733498347812970E+01
191 4658 6.868769904429759E+01
192 4325 6.621933252457322E+01
193 3872 6.270566162636353E+01
194 2824 5.370288632839021E+01
195 2252 4.808326112068523E+01
196 2231 4.786439177509728E+01
197 2125 4.674398357008097E+01
198 2187 4.740253157796533E+01
199 2142 4.692547282660026E+01
200 2298 4.855924216871593E+01
201 2328 4.886716689148246E+01
202 2782 5.331041174104736E+01
203 2892 5.433231082882450E+01
204 3581 6.034069936618236E+01
205 3888 6.283311228962003E+01
206 2632 5.188448708429139E+01
207 2118 4.666904755831214E+01
208 1484 3.929376540877700E+01
209 1622 4.101219330881975E+01
210 1467 3.907684736515984E+01
211 1363 3.772267222772003E+01
212 1259 3.631803959466976E+01
213 1408 3.831448812133603E+01
214 1294 3.679673898594820E+01
215 1366 3.776241517699841E+01
216 1341 3.742993454442581E+01
217 1320 3.714835124201342E+01
218 1538 3.997499218261337E+01
219 1515 3.968626966596886E+01
220 1662 4.149698784249286E+01
221 1598 4.071854614300467E+01
222 1615 4.092676385936225E+01
223 1743 4.246174749112429E+01
224 1828 4.345112196480086E+01
225 2017 4.557411546042336E+01
226 2211 4.765501022977542E+01
227 2303 4.861069841094653E+01
228 2687 5.241183072551463E+01
229 3286 5.784461945591828E+01
230 3935 6.320601237224193E+01
231 5546 7.487322618933953E+01
232 4887 7.033491309442275E+01
233 4546 6.786751800382861E+01
234 4168 6.502307282803544E+01
235 3889 6.284106937345990E+01
236 3855 6.256996084384263E+01
237 3939 6.323764701504951E+01
238 4355 6.644546636152086E+01
239 4439 6.707458535093602E+01
240 4850 7.007139216541941E+01
241 4735 6.924593850905626E+01
242 4608 6.832276341015489E+01
243 4482 6.739436178197698E+01
244 4447 6.713419396998820E+01
245 4281 6.588626564011653E+01
246 4369 6.655073252789934E+01
247 4475 6.734240862933252E+01
248 4285 6.591661399070799E+01
249 4083 6.436614016701638E+01
250 4246 6.562011886609167E+01
251 3971 6.349015671739991E+01
252 3015 5.545268253204708E+01
253 2901 5.441507144165116E+01
254 2819 5.365631370118525E+01
255 2863 5.406477596365308E+01
256 3110 5.630275304103699E+01
257 3154 5.669215113223346E+01
258 2429 4.988987873306569E+01
259 1528 3.984971769034255E+01
260 1649 4.134005321718877E+01
261 1414 3.839270764090493E+01
262 1353 3.758989225842500E+01
263 1424 3.852272056851645E+01
264 1344 3.746998799039039E+01
265 1454 3.891015291668744E+01
266 1427 3.856163896931768E+01
267 1467 3.907684736515984E+01
268 1481 3.925557285278104E+01
269 1502 3.952214569073901E+01
270 1578 4.047221268969612E+01
271 1591 4.063249930782009E+01
272 1784 4.294182110716778E+01
273 2006 4.545327270945405E+01
274 2019 4.559605246071199E+01
275 2296 4.853864439804639E+01
276 2373 4.932544982055410E+01
277 2767 5.316954015223378E+01
278 3138 5.655086206239477E+01
279 3621 6.067124524847005E+01
280 4159 6.495382975621992E+01
281 3515 5.979130371550699E+01
282 3843 6.247399458974910E+01
283 3729 6.155485358604957E+01
284 3712 6.141661013113635E+01
285 3900 6.292853089020910E+01
286 4124 6.468384651518491E+01
287 4034 6.398437309218556E+01
288 4202 6.528399497579785E+01
289 4125 6.469157595854347E+01
290 4201 6.527633568147036E+01
291 3850 6.252999280345393E+01
292 4100 6.449806198638839E+01
293 4006 6.376519426771944E+01
294 3715 6.144102863722254E+01
295 2953 5.489080068645383E+01
296 1977 4.513313638558703E+01
297 1946 4.478839135311738E+01
298 1766 4.273172123844299E+01
299 1628 4.108527716834828E+01
300 1740 4.242640687119285E+01
301 1782 4.291852746774987E+01
302 1851 4.371498598878879E+01
303 1942 4.474371464239419E+01
304 1994 4.532107677449864E+01
305 2176 4.728636167014756E+01
306 2345 4.904079934095692E+01
307 2985 5.518151864528558E+01
308 3142 5.658621740318043E+01
309 3271 5.771481612203230E+01
310 3633 6.077005841695399E+01
311 2933 5.470831746635972E+01
312 2553 5.111751167652823E+01
313 2460 5.019960159204453E+01
314 1564 4.029888335921977E+01
315 1350 3.754996671103717E+01
316 1508 3.959797974644666E+01
317 1326 3.722902093797257E+01
318 1294 3.679673898594820E+01
319 1217 3.573513677041127E+01
320 1289 3.672873534441391E+01
321 1304 3.693237062523878E+01
322 1482 3.926830783214372E+01
323 1329 3.726929030716845E+01
324 1522 3.977436360270269E+01
325 1446 3.880721582386451E+01
326 1530 3.987480407475377E+01
327 1655 4.141255848169731E+01
328 1747 4.250882261366456E+01
329 1769 4.276680956068619E+01
330 2060 4.604345773288535E+01
331 2165 4.716990566028302E+01
332 2530 5.089204259999789E+01
333 3192 5.702630971753301E+01
334 3215 5.722761571129799E+01
335 3893 6.287288763847260E+01
336 3894 6.288083968904996E+01
337 3427 5.905082556577850E+01
338 3077 5.600892785976178E+01
339 3214 5.721887800367987E+01
340 3416 5.895761189193470E+01
341 3313 5.807753438292642E+01
342 3245 5.748912940721924E+01
343 3322 5.815496539419485E+01
344 3260 5.761944116355173E+01
345 3251 5.754128952326321E+01
346 2948 5.484523680320835E+01
347 2083 4.629254799641082E+01
348 1782 4.291852746774987E+01
349 1632 4.113392760240627E+01
350 1574 4.042276586281547E+01
351 1406 3.828837943815329E+01
352 1313 3.705401462729781E+01
353 1316 3.709447398198282E+01
354 1348 3.752332607858744E+01
355 1392 3.810511776651530E+01
356 1270 3.646916505762094E+01
357 1250 3.619392214170772E+01
358 1381 3.796050579220461E+01
359 1503 3.953479480154159E+01
360 1541 4.001249804748511E+01
361 1488 3.934463114581200E+01
362 1466 3.906404996924922E+01
363 1662 4.149698784249286E+01
364 1795 4.306971093471606E+01
365 1899 4.426059195266146E+01
366 2161 4.712748667179272E+01
367 2584 5.141984052872976E+01
368 2906 5.446099521676041E+01
369 3381 5.866003750424986E+01
370 3648 6.089334939055332E+01
371 4191 6.519969325081216E+01
372 3633 6.077005841695399E+01
373 3327 5.819793810780585E+01
374 2792 5.340411969127476E+01
375 2662 5.217278984298233E+01
376 2675 5.229722745997153E+01
377 2385 4.944694126030446E+01
378 1664 4.152107898405339E+01
379 1225 3.584689665786984E+01
380 1397 3.817066936798463E+01
381 1343 3.745664160065608E+01
382 1271 3.648287269390940E+01
383 1157 3.488552708502482E+01
384 1247 3.615245496505044E+01
385 1112 3.423448553724738E+01
386 1378 3.792097045171708E+01
387 1503 3.953479480154159E+01
388 1567 4.033608806019741E+01
389 1612 4.089009660052174E+01
390 1593 4.065710270051225E+01
391 1717 4.215447781671598E+01
392 1765 4.272001872658765E+01
393 1814 4.328972164382672E+01
394 1937 4.468780594300866E+01
395 2161 4.712748667179272E+01
396 2441 5.000999900019995E+01
397 2608 5.165268628057983E+01
398 2797 5.345091205957107E+01
399 3237 5.741950887982237E+01
400 4462 6.724581771381771E+01
401 4725 6.917369442208505E+01
402 4062 6.420280367709809E+01
403 4183 6.513831437794502E+01
404 3793 6.207253821135398E+01
405 3418 5.897457079114692E+01
406 3511 5.975784467331465E+01
407 3507 5.972436688655645E+01
408 3586 6.038211655780211E+01
409 3821 6.229767250869008E+01
410 3925 6.312685640834652E+01
411 3882 6.278534860936905E+01
412 3902 6.294441992742486E+01
413 3871 6.269768735766894E+01
414 3818 6.227358990776106E+01
415 3647 6.088513775955508E+01
416 3511 5.975784467331465E+01
417 2564 5.122499389946279E+01
418 1933 4.464302857109943E+01
419 1474 3.916631205513228E+01
420 1353 3.758989225842500E+01
421 1227 3.587478222930419E+01
422 1154 3.484250278036869E+01
423 1251 3.620773398046335E+01
424 1251 3.620773398046335E+01
425 1213 3.567912554982254E+01
426 1262 3.635931792539569E+01
427 1362 3.770941526992961E+01
428 1401 3.822302970723278E+01
429 1399 3.819685850956856E+01
430 1430 3.860051813123756E+01
431 1394 3.813135192987524E+01
432 1496 3.944616584663204E+01
433 1382 3.797367509209505E+01
434 1668 4.156921938165306E+01
435 1500 3.949683531626300E+01
436 1517 3.971145930332956E+01
437 1601 4.075536774462967E+01
438 1746 4.249705872175156E+01
439 1679 4.170131892398609E+01
440 1802 4.315089802078283E+01
441 2064 4.608687448721165E+01
442 2087 4.633573135281238E+01
443 2366 4.925444142409901E+01
444 2901 5.441507144165116E+01
445 3093 5.615158056546583E+01
446 3366 5.853204250664758E+01
447 4436 6.705221845696084E+01
448 3660 6.099180272790763E+01
449 2961 5.496362433464518E+01
450 3158 5.672741841473134E+01
451 3492 5.959865770300536E+01
452 3587 6.039039658753700E+01
453 3418 5.897457079114692E+01
454 3363 5.850640990524030E+01
455 3435 5.911852501542981E+01
456 3818 6.227358990776106E+01
457 4060 6.418722614352485E+01
458 4177 6.509224224129939E+01
459 4190 6.519202405202648E+01
460 4277 6.585590330410783E+01
461 4443 6.710439627923047E+01
462 4358 6.646803743153546E+01
463 4362 6.649812027418520E+01
464 3998 6.370243323453195E+01
465 4050 6.410928169929842E+01
466 4148 6.486909896090742E+01
467 4133 6.475337829024831E+01
468 4088 6.440496875241847E+01
469 4277 6.585590330410783E+01
470 4206 6.531462317123173E+01
471 3814 6.224146527838174E+01
472 3852 6.254598308444756E+01
473 3589 6.040695324215582E+01
474 2894 5.435071296680477E+01
475 2365 4.924428900898052E+01
476 2262 4.818713521262703E+01
477 2008 4.547526800360829E+01
478 2004 4.543126676640219E+01
479 1826 4.342810150121693E+01
480 1499 3.948417404479927E+01
481 1215 3.570714214271425E+01
482 1238 3.602776706930364E+01
483 1277 3.656501059756445E+01
484 1378 3.792097045171708E+01
485 1244 3.611094017053558E+01
486 1199 3.548238999842035E+01
487 1276 3.655133376499413E+01
488 1331 3.729611239794303E+01
489 1352 3.757658845611187E+01
490 1473 3.915354390090378E+01
491 1590 4.062019202317980E+01
492 1526 3.982461550347976E+01
493 1492 3.939543120718442E+01
494 1570 4.037325847637270E+01
495 1553 4.016217125604641E+01
496 1699 4.194043395102154E+01
497 1744 4.247352116319060E+01
498 1762 4.268489194082609E+01
499 2000 4.538722287164087E+01
500 1993 4.531004303683677E+01
501 2171 4.723346271447817E+01
502 2383 4.942671342502959E+01
503 2385 4.944694126030446E+01
504 2683 5.237365750069399E+01
505 3115 5.634713834792323E+01
506 3549 6.007495318350236E+01
507 3972 6.349803146555018E+01
508 4513 6.762396025078685E+01
509 3101 5.622277118748239E+01
510 3211 5.719265687131522E+01
511 3781 6.197580172938467E+01
512 3516 5.979966555090422E+01
513 3404 5.885575587824864E+01
514 3262 5.763679380395825E+01
515 3331 5.823229344616267E+01
516 3393 5.876223276901585E+01
517 3826 6.233778950203480E+01
518 3776 6.193545026880809E+01
519 3832 6.238589584192889E+01
520 3900 6.292853089020910E+01
521 4037 6.400781202322104E+01
522 4042 6.404685784642366E+01
523 3991 6.364746656387825E+01
524 3982 6.357672530100933E+01
525 3958 6.338769596696191E+01
526 4028 6.393746945258312E+01
527 3720 6.148170459575759E+01
528 3845 6.248999919987197E+01
529 3610 6.058052492344384E+01
530 3420 5.899152481501050E+01
531 3083 5.606246516163912E+01
532 2219 4.773887304912004E+01
533 1578 4.047221268969612E+01
534 1417 3.843175770115127E+01
535 1328 3.725587202039431E+01
536 1220 3.577708763999664E+01
537 1185 3.528455752875470E+01
538 1010 3.271085446759225E+01
539 1048 3.328663395418648E+01
540 1123 3.439476704383968E+01
541 1178 3.518522417151836E+01
542 1273 3.651027252705737E+01
543 1360 3.768288736283355E+01
544 1375 3.788139384975162E+01
545 1387 3.803945320322047E+01
546 1288 3.671511950137164E+01
547 1317 3.710795063055895E+01
548 1324 3.720215047547655E+01
549 1442 3.875564475015220E+01
550 1501 3.950949253027682E+01
551 1574 4.042276586281547E+01
552 1535 3.993745109543172E+01
553 1556 4.019950248448356E+01
554 1676 4.166533331199932E+01
555 1826 4.342810150121693E+01
556 1739 4.241462012089699E+01
557 1770 4.277849927241488E+01
558 1850 4.370354676682432E+01
559 1909 4.437341546466758E+01
560 1977 4.513313638558703E+01
561 2327 4.885693400122443E+01
562 2383 4.942671342502959E+01
563 2723 5.275414675643992E+01
564 3099 5.620498198558558E+01
565 3384 5.868560300448484E+01
566 3648 6.089334939055332E+01
567 4747 6.933253204665181E+01
568 3171 5.684188596448925E+01
569 3117 5.636488268416781E+01
570 3384 5.868560300448484E+01
571 3530 5.991660871578097E+01
572 3427 5.905082556577850E+01
573 3211 5.719265687131522E+01
574 3088 5.610704055642215E+01
575 3433 5.910160742314882E+01
576 3621 6.067124524847005E+01
577 3770 6.188699378706320E+01
578 4014 6.382789358893179E+01
579 4275 6.584071688552609E+01
580 4346 6.637770710110436E+01
581 4144 6.483826030978931E+01
582 4196 6.523802572120036E+01
583 4083 6.436614016701638E+01
584 4018 6.385922016435841E+01
585 4036 6.400000000000000E+01
586 3891 6.285698051927089E+01
587 3772 6.190315016216864E+01
588 3877 6.274551776820397E+01
589 3593 6.044005294504630E+01
590 3640 6.082762530298220E+01
591 3597 6.047313453096341E+01
592 2401 4.960846701924985E+01
593 1791 4.302324952859791E+01
594 1751 4.255584566190642E+01
595 1681 4.172529209005013E+01
596 1663 4.150903516103452E+01
597 1695 4.189272013130682E+01
598 1693 4.186884283091664E+01
599 1789 4.300000000000000E+01
600 1918 4.447471191587417E+01
601 2235 4.790615826801394E+01
602 2501 5.060632371551998E+01
603 2857 5.400925846556311E+01
604 2884 5.425863986500215E+01
605 3412 5.892367945062494E+01
606 3339 5.830094338859364E+01
607 2712 5.264978632435273E+01
608 2320 4.878524367060187E+01
609 1365 3.774917217635375E+01
610 1516 3.969886648255842E+01
611 1565 4.031128874149275E+01
612 1427 3.856163896931768E+01
613 1285 3.667424164178450E+01
614 1178 3.518522417151836E+01
615 1171 3.508560958569767E+01
616 1206 3.558089374931439E+01
617 1090 3.391164991562634E+01
618 1103 3.410278580995987E+01
619 1182 3.524202037341219E+01
620 1159 3.491418050019218E+01
621 1229 3.590264614203248E+01
622 1366 3.776241517699841E+01
623 1350 3.754996671103717E+01
624 1460 3.898717737923585E+01
625 1475 3.917907604831947E+01
626 1529 3.986226285598950E+01
627 1548 4.009987531152684E+01
628 1638 4.120679555607303E+01
629 1536 3.994996871087636E+01
630 1628 4.108527716834828E+01
631 1762 4.268489194082609E+01
632 1894 4.420407221060069E+01
633 1975 4.511097427455984E+01
634 2121 4.670117771534247E+01
635 2362 4.921381919745713E+01
636 2662 5.217278984298233E+01
637 2735 5.286775955154521E+01
638 3108 5.628498911788115E+01
639 3583 6.035726965329032E+01
640 4919 7.056202944927250E+01
641 3138 5.655086206239477E+01
642 3606 6.054750201288241E+01
643 3548 6.006662967072483E+01
644 3430 5.907622195096772E+01
645 3248 5.751521537819362E+01
646 3262 5.763679380395825E+01
647 3339 5.830094338859364E+01
648 3274 5.774080013300820E+01
649 3506 5.971599450733446E+01
650 3520 5.983310120660636E+01
651 3655 6.095079983068311E+01
652 3590 6.041522986797286E+01
653 3646 6.087692502089769E+01
654 3376 5.861740355901138E+01
655 3298 5.794825277780168E+01
656 3401 5.883026432033091E+01
657 3345 5.835237784358063E+01
658 3383 5.867708240872241E+01
659 2375 4.934571916590131E+01
660 1876 4.400000000000000E+01
661 1787 4.297673789388860E+01
662 1747 4.250882261366456E+01
663 1620 4.098780306383839E+01
664 1729 4.229657196511320E+01
665 1540 4.000000000000000E+01
666 1794 4.305810028322197E+01
667 1878 4.402272140611028E+01
668 1934 4.465422712353222E+01
669 2117 4.665833258915282E+01
670 2353 4.912229636326055E+01
671 2632 5.188448708429139E+01
672 2797 5.345091205957107E+01
673 2332 4.890807704254993E+01
674 2685 5.239274758971894E+01
675 2792 5.340411969127476E+01
676 2087 4.633573135281238E+01
677 1710 4.207136793592526E+01
678 1597 4.070626487409524E+01
679 1663 4.150903516103452E+01
680 1599 4.073082370883260E+01
681 1443 3.876854394996025E+01
682 1388 3.805259518088089E+01
683 1408 3.831448812133603E+01
684 1393 3.811823710509184E+01
685 1290 3.674234614174767E+01
686 1255 3.626292872893749E+01
687 1430 3.860051813123756E+01
688 1437 3.869108424430620E+01
689 1447 3.882009788756334E+01
690 1416 3.841874542459709E+01
691 1496 3.944616584663204E+01
692 1612 4.089009660052174E+01
693 1768 4.275511665286390E+01
694 1874 4.397726685459205E+01
695 1798 4.310452412450461E+01
696 1979 4.515528761950254E+01
697 2194 4.747630988187688E+01
698 2499 5.058655947976695E+01
699 2993 5.525395913416522E+01
700 3269 5.769748694700662E+01
701 3760 6.180614856144977E+01
702 4248 6.563535632568775E+01
703 4749 6.934695379034324E+01
704 4138 6.479197481170026E+01
705 4130 6.473020933072904E+01
706 4024 6.390618123468183E+01
707 3733 6.158733636065129E+01
708 3455 5.928743543112655E+01
709 3798 6.211280061307814E+01
710 3970 6.348228099241551E+01
711 4019 6.386704940734306E+01
712 4188 6.517668294720130E+01
713 4429 6.700000000000000E+01
714 4309 6.609841147864296E+01
715 4330 6.625707509390978E+01
716 4342 6.634756966159348E+01
717 4354 6.643794096749237E+01
718 4368 6.654321903845650E+01
719 4299 6.602272336097626E+01
720 4162 6.497691897897283E+01
721 4075 6.430396566309111E+01
722 4070 6.426507605223851E+01
723 4039 6.402343321003646E+01
724 3762 6.182232606429493E+01
725 2712 5.264978632435273E+01
726 2327 4.885693400122443E+01
727 2226 4.781213235152768E+01
728 2238 4.793745925682754E+01
729 2297 4.854894437575342E+01
730 2443 5.002999100539596E+01
731 2393 4.952776998815917E+01
732 2815 5.361902647381804E+01
733 2711 5.264028875300743E+01
734 3185 5.696490147450446E+01
735 3346 5.836094584565949E+01
736 2394 4.953786430600334E+01
737 1976 4.512205669071391E+01
738 1557 4.021193852576620E+01
739 1584 4.054626986542659E+01
740 1367 3.777565353504821E+01
741 1397 3.817066936798463E+01
742 1240 3.605551275463989E+01
743 1312 3.704051835490427E+01
744 1360 3.768288736283355E+01
745 1331 3.729611239794303E+01
746 1308 3.698648401781386E+01
747 1286 3.668787265568828E+01
748 1437 3.869108424430620E+01
749 1432 3.862641583165593E+01
750 1504 3.954743986657038E+01
751 1615 4.092676385936225E+01
752 1681 4.172529209005013E+01
753 1758 4.263801121065568E+01
754 1798 4.310452412450461E+01
755 1908 4.436214602563767E+01
756 1989 4.526588119102510E+01
757 2187 4.740253157796533E+01
758 2253 4.809365862564420E+01
759 2604 5.161395160225576E+01
760 2919 5.458021619598075E+01
761 3086 5.608921464952063E+01
762 3563 6.019136150644875E+01
763 4632 6.849817515817483E+01
764 5014 7.123201527403251E+01
765 4102 6.451356446515724E+01
766 4230 6.549809157525127E+01
767 3995 6.367888189973188E+01
768 3899 6.292058486695749E+01
769 3602 6.051446108162907E+01
770 3593 6.044005294504630E+01
771 3771 6.189507250177513E+01
772 3986 6.360817557515701E+01
773 4038 6.401562309311689E+01
774 4061 6.419501538281614E+01
775 3982 6.357672530100933E+01
776 3955 6.336402764976355E+01
777 3976 6.352952069707436E+01
778 4146 6.485368146836385E+01
779 4076 6.431174076325411E+01
780 4243 6.559725604017289E+01
781 3959 6.339558344238185E+01
782 4275 6.584071688552609E+01
783 4164 6.499230723708769E+01
784 4304 6.606057825965497E+01
785 3953 6.334824385884742E+01
786 3115 5.634713834792323E+01
787 2403 4.962862077471024E+01
788 1977 4.513313638558703E+01
789 2103 4.650806381693394E+01
790 2250 4.806245936279166E+01
791 2318 4.876474136094644E+01
792 2447 5.006995106848019E+01
793 2793 5.341348144429457E+01
794 2909 5.448853090330111E+01
795 3389 5.872818744010409E+01
796 3234 5.739337940912697E+01
797 3595 6.045659600076736E+01
798 2889 5.430469592954186E+01
799 2336 4.894895300208167E+01
800 1410 3.834057902536163E+01
801 1643 4.126742056392670E+01
802 1401 3.822302970723278E+01
803 1249 3.618010503025108E+01
804 1283 3.664696440361739E+01
805 1170 3.507135583350036E+01
806 1160 3.492849839314596E+01
807 1084 3.382306905057553E+01
808 1191 3.536947836765479E+01
809 1249 3.618010503025108E+01
810 1287 3.670149860700513E+01
811 1324 3.720215047547655E+01
812 1470 3.911521443121589E+01
813 1613 4.090232267243512E+01
814 1577 4.045985664828782E+01
815 1691 4.184495190581536E+01
816 1623 4.102438299353203E+01
817 1804 4.317406628984580E+01
818 1825 4.341658669218482E+01
819 1862 4.384062043356595E+01
820 1945 4.477722635447622E+01
821 2033 4.574931693479149E+01
822 2048 4.591296113299599E+01
823 2186 4.739198244429114E+01
824 2545 5.103920062069938E+01
825 2812 5.359104402789705E+01
826 3124 5.642694391866354E+01
827 3415 5.894913061275798E+01
828 4231 6.550572494064927E+01
829 4405 6.682065548915246E+01
830 2892 5.433231082882450E+01
831 3446 5.921148537234985E+01
832 3425 5.903388857258177E+01
833 3347 5.836951259004995E+01
834 3091 5.613376880274475E+01
835 3399 5.881326381013045E+01
836 3470 5.941380311005179E+01
837 3761 6.181423784210237E+01
838 3655 6.095079983068311E+01
839 3908 6.299206299209449E+01
840 4059 6.417943595888016E+01
841 4122 6.466838485689897E+01
842 4022 6.389053137985315E+01
843 3936 6.321392251711643E+01
844 3763 6.183041322844284E+01
845 3734 6.159545437773797E+01
846 3819 6.228161847608008E+01
847 3892 6.286493458200685E+01
848 3446 5.921148537234985E+01
849 2236 4.791659420284375E+01
850 1686 4.178516483155236E+01
851 1780 4.289522117905443E+01
852 1588 4.059556626036888E+01
853 1685 4.177319714841084E+01
854 1841 4.360045871318328E+01
855 1781 4.290687590584987E+01
856 1648 4.132795663954365E+01
857 1914 4.442971978304612E+01
858 1949 4.482186966202994E+01
859 2285 4.842520005121300E+01
860 2336 4.894895300208167E+01
861 2552 5.110772935672255E+01
862 2749 5.300000000000000E+01
863 3012 5.542562584220407E+01
864 3054 5.580322571321482E+01
865 4069 6.425729530566937E+01
866 3591 6.042350536008318E+01
867 3088 5.610704055642215E+01
868 2581 5.139066063011839E+01
869 2096 4.643274706497560E+01
870 1430 3.860051813123756E+01
871 1599 4.073082370883260E+01
872 1508 3.959797974644666E+01
873 1337 3.737646318206151E+01
874 1364 3.773592452822641E+01
875 1355 3.761648574760805E+01
876 1356 3.762977544445356E+01
877 1288 3.671511950137164E+01
878 1222 3.580502757993631E+01
879 1300 3.687817782917155E+01
880 1351 3.756327994198590E+01
881 1390 3.807886552931954E+01
882 1343 3.745664160065608E+01
883 1473 3.915354390090378E+01
884 1543 4.003748243833520E+01
885 1554 4.017461885320133E+01
886 1581 4.050925820105819E+01
887 1629 4.109744517606904E+01
888 1609 4.085339643163099E+01
889 1737 4.239103678845328E+01
890 1887 4.412482294582042E+01
891 1889 4.414748010928823E+01
892 1988 4.525483399593904E+01
893 2160 4.711687595755899E+01
894 2230 4.785394445602159E+01
895 2439 4.998999899979995E+01
896 2776 5.325410782277739E+01
897 3292 5.789645930452051E+01
898 3570 6.024948132556828E+01
899 3921 6.309516621738943E+01
900 5149 7.217340230306452E+01
901 3459 5.932115979985556E+01
902 3687 6.121274377121156E+01
903 4167 6.501538279515087E+01
904 4002 6.373382147651277E+01
905 3589 6.040695324215582E+01
906 3603 6.052272300549604E+01
907 3680 6.115553940568262E+01
908 3821 6.229767250869008E+01
909 4184 6.514598989960932E+01
910 4350 6.640783086353596E+01
911 4477 6.735725647619564E+01
912 4326 6.622688275919380E+01
913 4255 6.568865959965997E+01
914 4241 6.558200972827838E+01
915 4202 6.528399497579785E+01
916 3893 6.287288763847260E+01
917 3730 6.156297588648554E+01
918 3460 5.932958789676530E+01
919 2327 4.885693400122443E+01
920 1668 4.156921938165306E+01
921 1371 3.782856063875548E+01
922 1505 3.956008088970496E+01
923 1403 3.824918299781056E+01
924 1303 3.691882988394946E+01
925 1295 3.681032463861192E+01
926 1331 3.729611239794303E+01
927 1456 3.893584466786357E+01
928 1505 3.956008088970496E+01
929 1428 3.857460304397182E+01
930 1376 3.789459064299283E+01
931 1481 3.925557285278104E+01
932 1560 4.024922359499622E+01
933 1743 4.246174749112429E+01
934 1757 4.262628297189423E+01
935 1773 4.281354925721529E+01
936 1897 4.423799272118933E+01
937 1965 4.500000000000000E+01
938 2053 4.596737973824482E+01
939 2296 4.853864439804639E+01
940 2264 4.820788317277580E+01
941 2873 5.415717865620402E+01
942 3382 5.866856057549052E+01
943 3986 6.360817557515701E+01
944 4274 6.583312236253116E+01
945 4696 6.896375859826666E+01
946 4221 6.542935121182236E+01
947 4054 6.414047084329830E+01
948 4316 6.615134163416491E+01
949 4016 6.384355879804947E+01
950 3469 5.940538696111658E+01
951 3694 6.126989472816156E+01
952 3916 6.305553108173778E+01
953 3937 6.322183167229498E+01
954 4021 6.388270501473775E+01
955 4262 6.574191965557441E+01
956 4522 6.769047200308179E+01
957 4352 6.642288762166245E+01
958 4337 6.630987860040162E+01
959 4261 6.573431371817918E+01
960 4362 6.649812027418520E+01
961 4388 6.669332800213226E+01
962 4284 6.590902821313632E+01
963 4112 6.459102104782058E+01
964 4144 6.483826030978931E+01
965 4082 6.435837163881635E+01
966 4013 6.382005954243540E+01
967 3808 6.219324722186485E+01
968 2507 5.066557016357361E+01
969 1973 4.508880127038199E+01
970 1872 4.395452195167182E+01
971 1820 4.335896677735760E+01
972 1761 4.267317658670374E+01
973 1753 4.257933771208754E+01
974 1900 4.427188724235731E+01
975 1767 4.274342054632502E+01
976 2100 4.647580015448900E+01
977 2253 4.809365862564420E+01
978 2685 5.239274758971894E+01
979 3032 5.560575509783138E+01
980 2908 5.447935388750494E+01
981 3165 5.678908345800274E+01
982 3436 5.912698199637793E+01
983 3523 5.985816569190874E+01
984 2473 5.032891812864648E+01
985 1793 4.304648650006177E+01
986 1626 4.106093033529562E+01
987 1642 4.125530268947254E+01
988 1564 4.029888335921977E+01
989 1346 3.749666651850535E+01
990 1221 3.579106033634656E+01
991 1259 3.631803959466976E+01
992 1286 3.668787265568828E+01
993 1319 3.713488925525429E+01
994 1287 3.670149860700513E+01
995 1323 3.718870796357410E+01
996 1289 3.672873534441391E+01
997 1420 3.847076812334269E+01
998 1499 3.948417404479927E+01
999 1539 3.998749804626441E+01
1000 1602 4.076763422127902E+01
1001 1662 4.149698784249286E+01
1002 1671 4.160528812542944E+01
1003 1845 4.364630568559039E+01
1004 1964 4.498888751680797E+01
1005 2026 4.567274898667694E+01
1006 2159 4.710626285325551E+01
1007 2372 4.931531202375181E+01
1008 2680 5.234500931320960E+01
1009 2502 5.061620293937506E+01
1010 2770 5.319774431308154E+01
1011 3433 5.910160742314882E+01
1012 4427 6.698507296405670E+01
1013 4998 7.111961754677819E+01
1014 3633 6.077005841695399E+01
1015 3750 6.172519744804386E+01
1016 3784 6.200000000000000E+01
1017 3564 6.019966777316964E+01
1018 3646 6.087692502089769E+01
1019 3628 6.072890580275590E+01
1020 3810 6.220932405998316E+01
1021 3523 5.985816569190874E+01
1022 3614 6.061352984276695E+01
1023 3530 5.991660871578097E+01
1024 3620 6.066300355241241E+01
1025 3373 5.859180830116101E+01
1026 3301 5.797413216254298E+01
1027 3367 5.854058421300559E+01
1028 3272 5.772347875864725E+01
1029 2493 5.052722038663912E+01
1030 1999 4.537620521815371E+01
1031 1758 4.263801121065568E+01
1032 1717 4.215447781671598E+01
1033 1632 4.113392760240627E+01
1034 1583 4.053393639902249E+01
1035 1680 4.171330722922842E+01
1036 1656 4.142463035441596E+01
1037 1729 4.229657196511320E+01
1038 1842 4.361192497471305E+01
1039 1979 4.515528761950254E+01
1040 1965 4.500000000000000E+01
1041 2591 5.148786264742400E+01
1042 2828 5.374011537017761E+01
1043 2856 5.400000000000000E+01
1044 3111 5.631163290120435E+01
1045 3794 6.208059278067503E+01
1046 3313 5.807753438292642E+01
1047 2496 5.055689863905815E+01
1048 1598 4.071854614300467E+01
1049 1728 4.228474902373195E+01
1050 1529 3.986226285598950E+01
1051 1445 3.879432948254165E+01
1052 1244 3.611094017053558E+01
1053 1255 3.626292872893749E+01
1054 1286 3.668787265568828E+01
1055 1265 3.640054944640259E+01
1056 1225 3.584689665786984E+01
